                                           x xi w rho_rho0 SD v2 logc= 1.31093471D+00
 0.00000000E+00 0.00000000E+00 6.21999979E+00 1.00000000E+00 1.00000000E+00 9.40506084E-01
 1.00000000E-05 4.88725829E-07 6.21999979E+00 1.00000000E+00 1.00000000E+00 9.40506084E-01
 1.10000000E-05 5.37598411E-07 6.21999979E+00 1.00000000E+00 1.00000000E+00 9.40506084E-01
 1.20000000E-05 5.86470994E-07 6.21999979E+00 1.00000000E+00 1.00000000E+00 9.40506084E-01
 1.30000000E-05 6.35343577E-07 6.21999979E+00 1.00000000E+00 1.00000000E+00 9.40506084E-01
 1.40000000E-05 6.84216160E-07 6.21999979E+00 1.00000000E+00 1.00000000E+00 9.40506084E-01
 1.50000000E-05 7.33088743E-07 6.21999979E+00 1.00000000E+00 1.00000000E+00 9.40506084E-01
 1.60000000E-05 7.81961326E-07 6.21999979E+00 1.00000000E+00 1.00000000E+00 9.40506084E-01
 1.70000000E-05 8.30833909E-07 6.21999979E+00 1.00000000E+00 1.00000000E+00 9.40506084E-01
 1.80000000E-05 8.79706491E-07 6.21999979E+00 1.00000000E+00 1.00000000E+00 9.40506084E-01
 1.90000000E-05 9.28579074E-07 6.21999979E+00 9.99999999E-01 1.00000000E+00 9.40506084E-01
 2.00000000E-05 9.77451657E-07 6.21999979E+00 9.99999999E-01 1.00000000E+00 9.40506084E-01
 2.10000000E-05 1.02632424E-06 6.21999979E+00 9.99999999E-01 1.00000000E+00 9.40506084E-01
 2.20000000E-05 1.07519682E-06 6.21999979E+00 9.99999999E-01 9.99999999E-01 9.40506084E-01
 2.30000000E-05 1.12406941E-06 6.21999979E+00 9.99999999E-01 9.99999999E-01 9.40506084E-01
 2.40000000E-05 1.17294199E-06 6.21999979E+00 9.99999999E-01 9.99999999E-01 9.40506084E-01
 2.50000000E-05 1.22181457E-06 6.21999979E+00 9.99999999E-01 9.99999999E-01 9.40506084E-01
 2.60000000E-05 1.27068715E-06 6.21999979E+00 9.99999999E-01 9.99999999E-01 9.40506084E-01
 2.70000000E-05 1.31955974E-06 6.21999979E+00 9.99999999E-01 9.99999999E-01 9.40506084E-01
 2.80000000E-05 1.36843232E-06 6.21999979E+00 9.99999999E-01 9.99999999E-01 9.40506084E-01
 2.90000000E-05 1.41730490E-06 6.21999979E+00 9.99999999E-01 9.99999999E-01 9.40506084E-01
 3.00000000E-05 1.46617749E-06 6.21999979E+00 9.99999999E-01 9.99999999E-01 9.40506084E-01
 3.10000000E-05 1.51505007E-06 6.21999979E+00 9.99999999E-01 9.99999999E-01 9.40506084E-01
 3.20000000E-05 1.56392265E-06 6.21999979E+00 9.99999998E-01 9.99999999E-01 9.40506084E-01
 3.30000000E-05 1.61279523E-06 6.21999979E+00 9.99999998E-01 9.99999999E-01 9.40506084E-01
 3.40000000E-05 1.66166782E-06 6.21999979E+00 9.99999998E-01 9.99999999E-01 9.40506084E-01
 3.50000000E-05 1.71054040E-06 6.21999979E+00 9.99999998E-01 9.99999999E-01 9.40506084E-01
 3.60000000E-05 1.75941298E-06 6.21999979E+00 9.99999998E-01 9.99999999E-01 9.40506084E-01
 3.70000000E-05 1.80828557E-06 6.21999979E+00 9.99999998E-01 9.99999999E-01 9.40506084E-01
 3.80000000E-05 1.85715815E-06 6.21999979E+00 9.99999998E-01 9.99999998E-01 9.40506084E-01
 3.90000000E-05 1.90603073E-06 6.21999979E+00 9.99999998E-01 9.99999998E-01 9.40506084E-01
 4.00000000E-05 1.95490331E-06 6.21999979E+00 9.99999998E-01 9.99999998E-01 9.40506084E-01
 4.10000000E-05 2.00377590E-06 6.21999979E+00 9.99999997E-01 9.99999998E-01 9.40506084E-01
 4.20000000E-05 2.05264848E-06 6.21999979E+00 9.99999997E-01 9.99999998E-01 9.40506084E-01
 4.30000000E-05 2.10152106E-06 6.21999979E+00 9.99999997E-01 9.99999998E-01 9.40506084E-01
 4.40000000E-05 2.15039365E-06 6.21999979E+00 9.99999997E-01 9.99999998E-01 9.40506084E-01
 4.50000000E-05 2.19926623E-06 6.21999979E+00 9.99999997E-01 9.99999998E-01 9.40506084E-01
 4.60000000E-05 2.24813881E-06 6.21999979E+00 9.99999997E-01 9.99999998E-01 9.40506084E-01
 4.70000000E-05 2.29701139E-06 6.21999979E+00 9.99999997E-01 9.99999998E-01 9.40506084E-01
 4.80000000E-05 2.34588398E-06 6.21999979E+00 9.99999996E-01 9.99999998E-01 9.40506084E-01
 4.90000000E-05 2.39475656E-06 6.21999979E+00 9.99999996E-01 9.99999997E-01 9.40506084E-01
 5.00000000E-05 2.44362914E-06 6.21999979E+00 9.99999996E-01 9.99999997E-01 9.40506084E-01
 5.10000000E-05 2.49250173E-06 6.21999979E+00 9.99999996E-01 9.99999997E-01 9.40506084E-01
 5.20000000E-05 2.54137431E-06 6.21999979E+00 9.99999996E-01 9.99999997E-01 9.40506084E-01
 5.30000000E-05 2.59024689E-06 6.21999979E+00 9.99999996E-01 9.99999997E-01 9.40506084E-01
 5.40000000E-05 2.63911947E-06 6.21999979E+00 9.99999996E-01 9.99999997E-01 9.40506084E-01
 5.50000000E-05 2.68799206E-06 6.21999979E+00 9.99999995E-01 9.99999997E-01 9.40506084E-01
 5.60000000E-05 2.73686464E-06 6.21999979E+00 9.99999995E-01 9.99999997E-01 9.40506084E-01
 5.70000000E-05 2.78573722E-06 6.21999979E+00 9.99999995E-01 9.99999996E-01 9.40506084E-01
 5.80000000E-05 2.83460981E-06 6.21999979E+00 9.99999995E-01 9.99999996E-01 9.40506084E-01
 5.90000000E-05 2.88348239E-06 6.21999978E+00 9.99999995E-01 9.99999996E-01 9.40506084E-01
 6.00000000E-05 2.93235497E-06 6.21999978E+00 9.99999994E-01 9.99999996E-01 9.40506084E-01
 6.10000000E-05 2.98122755E-06 6.21999978E+00 9.99999994E-01 9.99999996E-01 9.40506084E-01
 6.20000000E-05 3.03010014E-06 6.21999978E+00 9.99999994E-01 9.99999996E-01 9.40506084E-01
 6.30000000E-05 3.07897272E-06 6.21999978E+00 9.99999994E-01 9.99999996E-01 9.40506084E-01
 6.40000000E-05 3.12784530E-06 6.21999978E+00 9.99999994E-01 9.99999996E-01 9.40506084E-01
 6.50000000E-05 3.17671789E-06 6.21999978E+00 9.99999994E-01 9.99999995E-01 9.40506084E-01
 6.60000000E-05 3.22559047E-06 6.21999978E+00 9.99999993E-01 9.99999995E-01 9.40506084E-01
 6.70000000E-05 3.27446305E-06 6.21999978E+00 9.99999993E-01 9.99999995E-01 9.40506084E-01
 6.80000000E-05 3.32333563E-06 6.21999978E+00 9.99999993E-01 9.99999995E-01 9.40506084E-01
 6.90000000E-05 3.37220822E-06 6.21999978E+00 9.99999993E-01 9.99999995E-01 9.40506084E-01
 7.00000000E-05 3.42108080E-06 6.21999978E+00 9.99999992E-01 9.99999995E-01 9.40506084E-01
 7.10000000E-05 3.46995338E-06 6.21999978E+00 9.99999992E-01 9.99999995E-01 9.40506084E-01
 7.20000000E-05 3.51882597E-06 6.21999978E+00 9.99999992E-01 9.99999994E-01 9.40506084E-01
 7.30000000E-05 3.56769855E-06 6.21999978E+00 9.99999992E-01 9.99999994E-01 9.40506084E-01
 7.40000000E-05 3.61657113E-06 6.21999978E+00 9.99999992E-01 9.99999994E-01 9.40506084E-01
 7.50000000E-05 3.66544371E-06 6.21999978E+00 9.99999991E-01 9.99999994E-01 9.40506084E-01
 7.60000000E-05 3.71431630E-06 6.21999978E+00 9.99999991E-01 9.99999994E-01 9.40506084E-01
 7.70000000E-05 3.76318888E-06 6.21999978E+00 9.99999991E-01 9.99999994E-01 9.40506084E-01
 7.80000000E-05 3.81206146E-06 6.21999978E+00 9.99999991E-01 9.99999993E-01 9.40506084E-01
 7.90000000E-05 3.86093405E-06 6.21999978E+00 9.99999990E-01 9.99999993E-01 9.40506084E-01
 8.00000000E-05 3.90980663E-06 6.21999978E+00 9.99999990E-01 9.99999993E-01 9.40506084E-01
 8.10000000E-05 3.95867921E-06 6.21999978E+00 9.99999990E-01 9.99999993E-01 9.40506084E-01
 8.20000000E-05 4.00755179E-06 6.21999978E+00 9.99999990E-01 9.99999993E-01 9.40506084E-01
 8.30000000E-05 4.05642438E-06 6.21999978E+00 9.99999989E-01 9.99999993E-01 9.40506084E-01
 8.40000000E-05 4.10529696E-06 6.21999978E+00 9.99999989E-01 9.99999992E-01 9.40506084E-01
 8.50000000E-05 4.15416954E-06 6.21999978E+00 9.99999989E-01 9.99999992E-01 9.40506084E-01
 8.60000000E-05 4.20304213E-06 6.21999978E+00 9.99999989E-01 9.99999992E-01 9.40506084E-01
 8.70000000E-05 4.25191471E-06 6.21999978E+00 9.99999988E-01 9.99999992E-01 9.40506084E-01
 8.80000000E-05 4.30078729E-06 6.21999978E+00 9.99999988E-01 9.99999992E-01 9.40506084E-01
 8.90000000E-05 4.34965987E-06 6.21999978E+00 9.99999988E-01 9.99999991E-01 9.40506084E-01
 9.00000000E-05 4.39853246E-06 6.21999978E+00 9.99999988E-01 9.99999991E-01 9.40506084E-01
 9.10000000E-05 4.44740504E-06 6.21999978E+00 9.99999987E-01 9.99999991E-01 9.40506084E-01
 9.20000000E-05 4.49627762E-06 6.21999978E+00 9.99999987E-01 9.99999991E-01 9.40506084E-01
 9.30000000E-05 4.54515021E-06 6.21999978E+00 9.99999987E-01 9.99999991E-01 9.40506084E-01
 9.40000000E-05 4.59402279E-06 6.21999978E+00 9.99999986E-01 9.99999990E-01 9.40506084E-01
 9.50000000E-05 4.64289537E-06 6.21999978E+00 9.99999986E-01 9.99999990E-01 9.40506084E-01
 9.60000000E-05 4.69176795E-06 6.21999978E+00 9.99999986E-01 9.99999990E-01 9.40506084E-01
 9.70000000E-05 4.74064054E-06 6.21999978E+00 9.99999986E-01 9.99999990E-01 9.40506084E-01
 9.80000000E-05 4.78951312E-06 6.21999978E+00 9.99999985E-01 9.99999990E-01 9.40506084E-01
 9.90000000E-05 4.83838570E-06 6.21999978E+00 9.99999985E-01 9.99999989E-01 9.40506084E-01
 1.00000000E-04 4.88725829E-06 6.21999978E+00 9.99999985E-01 9.99999989E-01 9.40506084E-01
 1.10000000E-04 5.37598411E-06 6.21999977E+00 9.99999981E-01 9.99999987E-01 9.40506084E-01
 1.20000000E-04 5.86470994E-06 6.21999977E+00 9.99999978E-01 9.99999984E-01 9.40506084E-01
 1.30000000E-04 6.35343577E-06 6.21999976E+00 9.99999974E-01 9.99999982E-01 9.40506084E-01
 1.40000000E-04 6.84216160E-06 6.21999976E+00 9.99999970E-01 9.99999979E-01 9.40506083E-01
 1.50000000E-04 7.33088743E-06 6.21999976E+00 9.99999965E-01 9.99999976E-01 9.40506083E-01
 1.60000000E-04 7.81961326E-06 6.21999975E+00 9.99999961E-01 9.99999972E-01 9.40506083E-01
 1.70000000E-04 8.30833909E-06 6.21999975E+00 9.99999956E-01 9.99999969E-01 9.40506083E-01
 1.80000000E-04 8.79706491E-06 6.21999974E+00 9.99999950E-01 9.99999965E-01 9.40506083E-01
 1.90000000E-04 9.28579074E-06 6.21999974E+00 9.99999945E-01 9.99999961E-01 9.40506082E-01
 2.00000000E-04 9.77451657E-06 6.21999973E+00 9.99999939E-01 9.99999957E-01 9.40506082E-01
 2.10000000E-04 1.02632424E-05 6.21999972E+00 9.99999932E-01 9.99999952E-01 9.40506082E-01
 2.20000000E-04 1.07519682E-05 6.21999972E+00 9.99999926E-01 9.99999948E-01 9.40506082E-01
 2.30000000E-04 1.12406941E-05 6.21999971E+00 9.99999919E-01 9.99999943E-01 9.40506082E-01
 2.40000000E-04 1.17294199E-05 6.21999970E+00 9.99999912E-01 9.99999938E-01 9.40506081E-01
 2.50000000E-04 1.22181457E-05 6.21999970E+00 9.99999904E-01 9.99999932E-01 9.40506081E-01
 2.60000000E-04 1.27068715E-05 6.21999969E+00 9.99999896E-01 9.99999927E-01 9.40506081E-01
 2.70000000E-04 1.31955974E-05 6.21999968E+00 9.99999888E-01 9.99999921E-01 9.40506080E-01
 2.80000000E-04 1.36843232E-05 6.21999967E+00 9.99999880E-01 9.99999915E-01 9.40506080E-01
 2.90000000E-04 1.41730490E-05 6.21999966E+00 9.99999871E-01 9.99999909E-01 9.40506080E-01
 3.00000000E-04 1.46617749E-05 6.21999966E+00 9.99999862E-01 9.99999902E-01 9.40506079E-01
 3.10000000E-04 1.51505007E-05 6.21999965E+00 9.99999852E-01 9.99999896E-01 9.40506079E-01
 3.20000000E-04 1.56392265E-05 6.21999964E+00 9.99999843E-01 9.99999889E-01 9.40506079E-01
 3.30000000E-04 1.61279523E-05 6.21999963E+00 9.99999833E-01 9.99999882E-01 9.40506078E-01
 3.40000000E-04 1.66166782E-05 6.21999962E+00 9.99999822E-01 9.99999875E-01 9.40506078E-01
 3.50000000E-04 1.71054040E-05 6.21999961E+00 9.99999812E-01 9.99999867E-01 9.40506078E-01
 3.60000000E-04 1.75941298E-05 6.21999960E+00 9.99999801E-01 9.99999860E-01 9.40506077E-01
 3.70000000E-04 1.80828557E-05 6.21999958E+00 9.99999790E-01 9.99999852E-01 9.40506077E-01
 3.80000000E-04 1.85715815E-05 6.21999957E+00 9.99999778E-01 9.99999844E-01 9.40506076E-01
 3.90000000E-04 1.90603073E-05 6.21999956E+00 9.99999766E-01 9.99999835E-01 9.40506076E-01
 4.00000000E-04 1.95490331E-05 6.21999955E+00 9.99999754E-01 9.99999827E-01 9.40506076E-01
 4.10000000E-04 2.00377590E-05 6.21999954E+00 9.99999742E-01 9.99999818E-01 9.40506075E-01
 4.20000000E-04 2.05264848E-05 6.21999953E+00 9.99999729E-01 9.99999809E-01 9.40506075E-01
 4.30000000E-04 2.10152106E-05 6.21999951E+00 9.99999716E-01 9.99999800E-01 9.40506074E-01
 4.40000000E-04 2.15039365E-05 6.21999950E+00 9.99999703E-01 9.99999790E-01 9.40506074E-01
 4.50000000E-04 2.19926623E-05 6.21999949E+00 9.99999689E-01 9.99999781E-01 9.40506073E-01
 4.60000000E-04 2.24813881E-05 6.21999947E+00 9.99999675E-01 9.99999771E-01 9.40506073E-01
 4.70000000E-04 2.29701139E-05 6.21999946E+00 9.99999661E-01 9.99999761E-01 9.40506072E-01
 4.80000000E-04 2.34588398E-05 6.21999944E+00 9.99999646E-01 9.99999750E-01 9.40506072E-01
 4.90000000E-04 2.39475656E-05 6.21999943E+00 9.99999631E-01 9.99999740E-01 9.40506071E-01
 5.00000000E-04 2.44362914E-05 6.21999942E+00 9.99999616E-01 9.99999729E-01 9.40506071E-01
 5.10000000E-04 2.49250173E-05 6.21999940E+00 9.99999601E-01 9.99999718E-01 9.40506070E-01
 5.20000000E-04 2.54137431E-05 6.21999938E+00 9.99999585E-01 9.99999707E-01 9.40506069E-01
 5.30000000E-04 2.59024689E-05 6.21999937E+00 9.99999569E-01 9.99999696E-01 9.40506069E-01
 5.40000000E-04 2.63911947E-05 6.21999935E+00 9.99999552E-01 9.99999684E-01 9.40506068E-01
 5.50000000E-04 2.68799206E-05 6.21999934E+00 9.99999535E-01 9.99999672E-01 9.40506068E-01
 5.60000000E-04 2.73686464E-05 6.21999932E+00 9.99999518E-01 9.99999660E-01 9.40506067E-01
 5.70000000E-04 2.78573722E-05 6.21999930E+00 9.99999501E-01 9.99999648E-01 9.40506066E-01
 5.80000000E-04 2.83460981E-05 6.21999929E+00 9.99999483E-01 9.99999636E-01 9.40506066E-01
 5.90000000E-04 2.88348239E-05 6.21999927E+00 9.99999465E-01 9.99999623E-01 9.40506065E-01
 6.00000000E-04 2.93235497E-05 6.21999925E+00 9.99999447E-01 9.99999610E-01 9.40506064E-01
 6.10000000E-04 2.98122755E-05 6.21999923E+00 9.99999429E-01 9.99999597E-01 9.40506064E-01
 6.20000000E-04 3.03010014E-05 6.21999921E+00 9.99999410E-01 9.99999584E-01 9.40506063E-01
 6.30000000E-04 3.07897272E-05 6.21999919E+00 9.99999390E-01 9.99999570E-01 9.40506062E-01
 6.40000000E-04 3.12784530E-05 6.21999918E+00 9.99999371E-01 9.99999556E-01 9.40506062E-01
 6.50000000E-04 3.17671789E-05 6.21999916E+00 9.99999351E-01 9.99999542E-01 9.40506061E-01
 6.60000000E-04 3.22559047E-05 6.21999914E+00 9.99999331E-01 9.99999528E-01 9.40506060E-01
 6.70000000E-04 3.27446305E-05 6.21999912E+00 9.99999311E-01 9.99999514E-01 9.40506060E-01
 6.80000000E-04 3.32333563E-05 6.21999910E+00 9.99999290E-01 9.99999499E-01 9.40506059E-01
 6.90000000E-04 3.37220822E-05 6.21999908E+00 9.99999269E-01 9.99999484E-01 9.40506058E-01
 7.00000000E-04 3.42108080E-05 6.21999906E+00 9.99999247E-01 9.99999469E-01 9.40506057E-01
 7.10000000E-04 3.46995338E-05 6.21999903E+00 9.99999226E-01 9.99999454E-01 9.40506056E-01
 7.20000000E-04 3.51882597E-05 6.21999901E+00 9.99999204E-01 9.99999438E-01 9.40506056E-01
 7.30000000E-04 3.56769855E-05 6.21999899E+00 9.99999182E-01 9.99999423E-01 9.40506055E-01
 7.40000000E-04 3.61657113E-05 6.21999897E+00 9.99999159E-01 9.99999407E-01 9.40506054E-01
 7.50000000E-04 3.66544371E-05 6.21999895E+00 9.99999136E-01 9.99999391E-01 9.40506053E-01
 7.60000000E-04 3.71431630E-05 6.21999892E+00 9.99999113E-01 9.99999374E-01 9.40506052E-01
 7.70000000E-04 3.76318888E-05 6.21999890E+00 9.99999089E-01 9.99999358E-01 9.40506052E-01
 7.80000000E-04 3.81206146E-05 6.21999888E+00 9.99999066E-01 9.99999341E-01 9.40506051E-01
 7.90000000E-04 3.86093405E-05 6.21999885E+00 9.99999041E-01 9.99999324E-01 9.40506050E-01
 8.00000000E-04 3.90980663E-05 6.21999883E+00 9.99999017E-01 9.99999307E-01 9.40506049E-01
 8.10000000E-04 3.95867921E-05 6.21999881E+00 9.99998992E-01 9.99999289E-01 9.40506048E-01
 8.20000000E-04 4.00755179E-05 6.21999878E+00 9.99998967E-01 9.99999272E-01 9.40506047E-01
 8.30000000E-04 4.05642438E-05 6.21999876E+00 9.99998942E-01 9.99999254E-01 9.40506046E-01
 8.40000000E-04 4.10529696E-05 6.21999873E+00 9.99998916E-01 9.99999236E-01 9.40506045E-01
 8.50000000E-04 4.15416954E-05 6.21999871E+00 9.99998890E-01 9.99999217E-01 9.40506044E-01
 8.60000000E-04 4.20304213E-05 6.21999868E+00 9.99998864E-01 9.99999199E-01 9.40506043E-01
 8.70000000E-04 4.25191471E-05 6.21999865E+00 9.99998838E-01 9.99999180E-01 9.40506042E-01
 8.80000000E-04 4.30078729E-05 6.21999863E+00 9.99998811E-01 9.99999161E-01 9.40506041E-01
 8.90000000E-04 4.34965987E-05 6.21999860E+00 9.99998783E-01 9.99999142E-01 9.40506040E-01
 9.00000000E-04 4.39853246E-05 6.21999858E+00 9.99998756E-01 9.99999122E-01 9.40506039E-01
 9.10000000E-04 4.44740504E-05 6.21999855E+00 9.99998728E-01 9.99999103E-01 9.40506038E-01
 9.20000000E-04 4.49627762E-05 6.21999852E+00 9.99998700E-01 9.99999083E-01 9.40506037E-01
 9.30000000E-04 4.54515021E-05 6.21999849E+00 9.99998672E-01 9.99999063E-01 9.40506036E-01
 9.40000000E-04 4.59402279E-05 6.21999846E+00 9.99998643E-01 9.99999043E-01 9.40506035E-01
 9.50000000E-04 4.64289537E-05 6.21999844E+00 9.99998614E-01 9.99999022E-01 9.40506034E-01
 9.60000000E-04 4.69176795E-05 6.21999841E+00 9.99998585E-01 9.99999002E-01 9.40506033E-01
 9.70000000E-04 4.74064054E-05 6.21999838E+00 9.99998555E-01 9.99998981E-01 9.40506032E-01
 9.80000000E-04 4.78951312E-05 6.21999835E+00 9.99998525E-01 9.99998959E-01 9.40506031E-01
 9.90000000E-04 4.83838570E-05 6.21999832E+00 9.99998495E-01 9.99998938E-01 9.40506030E-01
 1.00000000E-03 4.88725829E-05 6.21999829E+00 9.99998464E-01 9.99998917E-01 9.40506029E-01
 1.15000000E-03 5.62034703E-05 6.21999781E+00 9.99997969E-01 9.99998567E-01 9.40506011E-01
 1.30000000E-03 6.35343577E-05 6.21999726E+00 9.99997404E-01 9.99998169E-01 9.40505991E-01
 1.40000000E-03 6.84216160E-05 6.21999685E+00 9.99996990E-01 9.99997877E-01 9.40505976E-01
 1.50000000E-03 7.33088743E-05 6.21999642E+00 9.99996544E-01 9.99997562E-01 9.40505960E-01
 1.60000000E-03 7.81961326E-05 6.21999595E+00 9.99996068E-01 9.99997226E-01 9.40505942E-01
 1.70000000E-03 8.30833909E-05 6.21999546E+00 9.99995561E-01 9.99996869E-01 9.40505924E-01
 1.80000000E-03 8.79706491E-05 6.21999493E+00 9.99995024E-01 9.99996490E-01 9.40505905E-01
 1.90000000E-03 9.28579074E-05 6.21999438E+00 9.99994456E-01 9.99996089E-01 9.40505884E-01
 2.00000000E-03 9.77451657E-05 6.21999379E+00 9.99993857E-01 9.99995666E-01 9.40505862E-01
 2.10000000E-03 1.02632424E-04 6.21999318E+00 9.99993227E-01 9.99995222E-01 9.40505840E-01
 2.20000000E-03 1.07519682E-04 6.21999253E+00 9.99992566E-01 9.99994756E-01 9.40505816E-01
 2.30000000E-03 1.12406941E-04 6.21999186E+00 9.99991875E-01 9.99994269E-01 9.40505791E-01
 2.40000000E-03 1.17294199E-04 6.21999115E+00 9.99991153E-01 9.99993760E-01 9.40505765E-01
 2.50000000E-03 1.22181457E-04 6.21999042E+00 9.99990401E-01 9.99993229E-01 9.40505738E-01
 2.60000000E-03 1.27068715E-04 6.21998965E+00 9.99989618E-01 9.99992676E-01 9.40505709E-01
 2.70000000E-03 1.31955974E-04 6.21998886E+00 9.99988804E-01 9.99992102E-01 9.40505680E-01
 2.80000000E-03 1.36843232E-04 6.21998803E+00 9.99987959E-01 9.99991506E-01 9.40505649E-01
 2.90000000E-03 1.41730490E-04 6.21998718E+00 9.99987083E-01 9.99990889E-01 9.40505618E-01
 3.00000000E-03 1.46617749E-04 6.21998629E+00 9.99986177E-01 9.99990249E-01 9.40505585E-01
 3.10000000E-03 1.51505007E-04 6.21998538E+00 9.99985240E-01 9.99989589E-01 9.40505551E-01
 3.20000000E-03 1.56392265E-04 6.21998443E+00 9.99984273E-01 9.99988906E-01 9.40505516E-01
 3.30000000E-03 1.61279523E-04 6.21998346E+00 9.99983275E-01 9.99988202E-01 9.40505480E-01
 3.40000000E-03 1.66166782E-04 6.21998245E+00 9.99982246E-01 9.99987476E-01 9.40505443E-01
 3.50000000E-03 1.71054040E-04 6.21998142E+00 9.99981186E-01 9.99986728E-01 9.40505404E-01
 3.60000000E-03 1.75941298E-04 6.21998035E+00 9.99980095E-01 9.99985959E-01 9.40505365E-01
 3.70000000E-03 1.80828557E-04 6.21997926E+00 9.99978974E-01 9.99985168E-01 9.40505325E-01
 3.80000000E-03 1.85715815E-04 6.21997813E+00 9.99977822E-01 9.99984356E-01 9.40505283E-01
 3.90000000E-03 1.90603073E-04 6.21997698E+00 9.99976640E-01 9.99983522E-01 9.40505240E-01
 4.00000000E-03 1.95490331E-04 6.21997579E+00 9.99975427E-01 9.99982666E-01 9.40505196E-01
 4.10000000E-03 2.00377590E-04 6.21997458E+00 9.99974183E-01 9.99981788E-01 9.40505151E-01
 4.20000000E-03 2.05264848E-04 6.21997333E+00 9.99972908E-01 9.99980889E-01 9.40505105E-01
 4.30000000E-03 2.10152106E-04 6.21997206E+00 9.99971602E-01 9.99979968E-01 9.40505058E-01
 4.40000000E-03 2.15039365E-04 6.21997075E+00 9.99970266E-01 9.99979026E-01 9.40505010E-01
 4.50000000E-03 2.19926623E-04 6.21996942E+00 9.99968899E-01 9.99978062E-01 9.40504960E-01
 4.60000000E-03 2.24813881E-04 6.21996805E+00 9.99967502E-01 9.99977076E-01 9.40504910E-01
 4.70000000E-03 2.29701139E-04 6.21996666E+00 9.99966074E-01 9.99976068E-01 9.40504858E-01
 4.80000000E-03 2.34588398E-04 6.21996523E+00 9.99964615E-01 9.99975039E-01 9.40504806E-01
 4.90000000E-03 2.39475656E-04 6.21996378E+00 9.99963125E-01 9.99973988E-01 9.40504752E-01
 5.00000000E-03 2.44362914E-04 6.21996229E+00 9.99961604E-01 9.99972916E-01 9.40504697E-01
 5.10000000E-03 2.49250173E-04 6.21996078E+00 9.99960053E-01 9.99971821E-01 9.40504641E-01
 5.20000000E-03 2.54137431E-04 6.21995923E+00 9.99958471E-01 9.99970706E-01 9.40504584E-01
 5.30000000E-03 2.59024689E-04 6.21995766E+00 9.99956859E-01 9.99969568E-01 9.40504525E-01
 5.40000000E-03 2.63911947E-04 6.21995605E+00 9.99955216E-01 9.99968409E-01 9.40504466E-01
 5.50000000E-03 2.68799206E-04 6.21995442E+00 9.99953542E-01 9.99967228E-01 9.40504405E-01
 5.60000000E-03 2.73686464E-04 6.21995275E+00 9.99951837E-01 9.99966025E-01 9.40504344E-01
 5.70000000E-03 2.78573722E-04 6.21995106E+00 9.99950102E-01 9.99964801E-01 9.40504281E-01
 5.80000000E-03 2.83460981E-04 6.21994933E+00 9.99948335E-01 9.99963555E-01 9.40504217E-01
 5.90000000E-03 2.88348239E-04 6.21994758E+00 9.99946539E-01 9.99962288E-01 9.40504152E-01
 6.00000000E-03 2.93235497E-04 6.21994579E+00 9.99944711E-01 9.99960999E-01 9.40504086E-01
 6.10000000E-03 2.98122755E-04 6.21994398E+00 9.99942853E-01 9.99959688E-01 9.40504019E-01
 6.20000000E-03 3.03010014E-04 6.21994213E+00 9.99940964E-01 9.99958355E-01 9.40503951E-01
 6.30000000E-03 3.07897272E-04 6.21994026E+00 9.99939044E-01 9.99957001E-01 9.40503881E-01
 6.40000000E-03 3.12784530E-04 6.21993835E+00 9.99937094E-01 9.99955625E-01 9.40503811E-01
 6.50000000E-03 3.17671789E-04 6.21993642E+00 9.99935113E-01 9.99954228E-01 9.40503739E-01
 6.60000000E-03 3.22559047E-04 6.21993445E+00 9.99933101E-01 9.99952809E-01 9.40503667E-01
 6.70000000E-03 3.27446305E-04 6.21993246E+00 9.99931059E-01 9.99951368E-01 9.40503593E-01
 6.80000000E-03 3.32333563E-04 6.21993043E+00 9.99928985E-01 9.99949905E-01 9.40503518E-01
 6.90000000E-03 3.37220822E-04 6.21992838E+00 9.99926882E-01 9.99948421E-01 9.40503442E-01
 7.00000000E-03 3.42108080E-04 6.21992629E+00 9.99924747E-01 9.99946915E-01 9.40503365E-01
 7.10000000E-03 3.46995338E-04 6.21992418E+00 9.99922582E-01 9.99945388E-01 9.40503286E-01
 7.20000000E-03 3.51882597E-04 6.21992203E+00 9.99920386E-01 9.99943839E-01 9.40503207E-01
 7.30000000E-03 3.56769855E-04 6.21991986E+00 9.99918159E-01 9.99942268E-01 9.40503127E-01
 7.40000000E-03 3.61657113E-04 6.21991765E+00 9.99915901E-01 9.99940676E-01 9.40503045E-01
 7.50000000E-03 3.66544371E-04 6.21991542E+00 9.99913613E-01 9.99939061E-01 9.40502962E-01
 7.60000000E-03 3.71431630E-04 6.21991315E+00 9.99911294E-01 9.99937426E-01 9.40502878E-01
 7.70000000E-03 3.76318888E-04 6.21991086E+00 9.99908945E-01 9.99935768E-01 9.40502793E-01
 7.80000000E-03 3.81206146E-04 6.21990853E+00 9.99906565E-01 9.99934089E-01 9.40502707E-01
 7.90000000E-03 3.86093405E-04 6.21990618E+00 9.99904154E-01 9.99932388E-01 9.40502620E-01
 8.00000000E-03 3.90980663E-04 6.21990379E+00 9.99901712E-01 9.99930666E-01 9.40502532E-01
 8.10000000E-03 3.95867921E-04 6.21990138E+00 9.99899240E-01 9.99928921E-01 9.40502443E-01
 8.20000000E-03 4.00755179E-04 6.21989893E+00 9.99896737E-01 9.99927156E-01 9.40502352E-01
 8.30000000E-03 4.05642438E-04 6.21989646E+00 9.99894203E-01 9.99925368E-01 9.40502261E-01
 8.40000000E-03 4.10529696E-04 6.21989395E+00 9.99891638E-01 9.99923559E-01 9.40502168E-01
 8.50000000E-03 4.15416954E-04 6.21989142E+00 9.99889043E-01 9.99921728E-01 9.40502074E-01
 8.60000000E-03 4.20304213E-04 6.21988885E+00 9.99886417E-01 9.99919876E-01 9.40501979E-01
 8.70000000E-03 4.25191471E-04 6.21988626E+00 9.99883761E-01 9.99918001E-01 9.40501883E-01
 8.80000000E-03 4.30078729E-04 6.21988363E+00 9.99881074E-01 9.99916106E-01 9.40501786E-01
 8.90000000E-03 4.34965987E-04 6.21988098E+00 9.99878356E-01 9.99914188E-01 9.40501688E-01
 9.00000000E-03 4.39853246E-04 6.21987829E+00 9.99875607E-01 9.99912249E-01 9.40501588E-01
 9.10000000E-03 4.44740504E-04 6.21987558E+00 9.99872828E-01 9.99910288E-01 9.40501488E-01
 9.20000000E-03 4.49627762E-04 6.21987284E+00 9.99870017E-01 9.99908305E-01 9.40501386E-01
 9.30000000E-03 4.54515021E-04 6.21987006E+00 9.99867177E-01 9.99906301E-01 9.40501284E-01
 9.40000000E-03 4.59402279E-04 6.21986726E+00 9.99864305E-01 9.99904274E-01 9.40501180E-01
 9.50000000E-03 4.64289537E-04 6.21986442E+00 9.99861403E-01 9.99902226E-01 9.40501075E-01
 9.60000000E-03 4.69176795E-04 6.21986156E+00 9.99858470E-01 9.99900157E-01 9.40500969E-01
 9.70000000E-03 4.74064054E-04 6.21985866E+00 9.99855507E-01 9.99898065E-01 9.40500862E-01
 9.80000000E-03 4.78951312E-04 6.21985574E+00 9.99852512E-01 9.99895951E-01 9.40500754E-01
 9.90000000E-03 4.83838570E-04 6.21985278E+00 9.99849487E-01 9.99893813E-01 9.40500644E-01
 1.00000000E-02 4.88725829E-04 6.21984980E+00 9.99846432E-01 9.99891643E-01 9.40500534E-01
 1.10000000E-02 5.37598411E-04 6.21981830E+00 9.99814187E-01 9.99868893E-01 9.40499368E-01
 1.20000000E-02 5.86470994E-04 6.21978380E+00 9.99778874E-01 9.99843977E-01 9.40498092E-01
 1.30000000E-02 6.35343577E-04 6.21974631E+00 9.99740492E-01 9.99816897E-01 9.40496704E-01
 1.40000000E-02 6.84216160E-04 6.21970582E+00 9.99699041E-01 9.99787652E-01 9.40495205E-01
 1.50000000E-02 7.33088743E-04 6.21966233E+00 9.99654524E-01 9.99756242E-01 9.40493596E-01
 1.60000000E-02 7.81961326E-04 6.21961584E+00 9.99606940E-01 9.99722669E-01 9.40491875E-01
 1.70000000E-02 8.30833909E-04 6.21956635E+00 9.99556290E-01 9.99686931E-01 9.40490043E-01
 1.80000000E-02 8.79706491E-04 6.21951386E+00 9.99502574E-01 9.99649031E-01 9.40488101E-01
 1.90000000E-02 9.28579074E-04 6.21945838E+00 9.99445795E-01 9.99608968E-01 9.40486047E-01
 2.00000000E-02 9.77451657E-04 6.21939990E+00 9.99385951E-01 9.99566743E-01 9.40483882E-01
 2.10000000E-02 1.02632424E-03 6.21933842E+00 9.99323045E-01 9.99522355E-01 9.40481607E-01
 2.20000000E-02 1.07519682E-03 6.21927395E+00 9.99257077E-01 9.99475807E-01 9.40479220E-01
 2.30000000E-02 1.12406941E-03 6.21920648E+00 9.99188047E-01 9.99427098E-01 9.40476722E-01
 2.40000000E-02 1.17294199E-03 6.21913602E+00 9.99115958E-01 9.99376229E-01 9.40474114E-01
 2.50000000E-02 1.22181457E-03 6.21906256E+00 9.99040811E-01 9.99323200E-01 9.40471394E-01
 2.60000000E-02 1.27068715E-03 6.21898611E+00 9.98962605E-01 9.99268012E-01 9.40468563E-01
 2.70000000E-02 1.31955974E-03 6.21890666E+00 9.98881343E-01 9.99210666E-01 9.40465622E-01
 2.80000000E-02 1.36843232E-03 6.21882421E+00 9.98797025E-01 9.99151163E-01 9.40462569E-01
 2.90000000E-02 1.41730490E-03 6.21873878E+00 9.98709653E-01 9.99089503E-01 9.40459406E-01
 3.00000000E-02 1.46617749E-03 6.21865035E+00 9.98619228E-01 9.99025686E-01 9.40456131E-01
 3.10000000E-02 1.51505007E-03 6.21855893E+00 9.98525752E-01 9.98959714E-01 9.40452745E-01
 3.20000000E-02 1.56392265E-03 6.21846451E+00 9.98429225E-01 9.98891587E-01 9.40449249E-01
 3.30000000E-02 1.61279523E-03 6.21836711E+00 9.98329650E-01 9.98821307E-01 9.40445641E-01
 3.40000000E-02 1.66166782E-03 6.21826671E+00 9.98227026E-01 9.98748873E-01 9.40441923E-01
 3.50000000E-02 1.71054040E-03 6.21816333E+00 9.98121358E-01 9.98674288E-01 9.40438093E-01
 3.60000000E-02 1.75941298E-03 6.21805695E+00 9.98012644E-01 9.98597550E-01 9.40434153E-01
 3.70000000E-02 1.80828557E-03 6.21794758E+00 9.97900888E-01 9.98518663E-01 9.40430101E-01
 3.80000000E-02 1.85715815E-03 6.21783523E+00 9.97786091E-01 9.98437626E-01 9.40425939E-01
 3.90000000E-02 1.90603073E-03 6.21771989E+00 9.97668254E-01 9.98354440E-01 9.40421666E-01
 4.00000000E-02 1.95490331E-03 6.21760156E+00 9.97547379E-01 9.98269107E-01 9.40417281E-01
 4.10000000E-02 2.00377590E-03 6.21748024E+00 9.97423468E-01 9.98181627E-01 9.40412786E-01
 4.20000000E-02 2.05264848E-03 6.21735594E+00 9.97296523E-01 9.98092002E-01 9.40408180E-01
 4.30000000E-02 2.10152106E-03 6.21722865E+00 9.97166546E-01 9.98000231E-01 9.40403463E-01
 4.40000000E-02 2.15039365E-03 6.21709838E+00 9.97033538E-01 9.97906318E-01 9.40398635E-01
 4.50000000E-02 2.19926623E-03 6.21696512E+00 9.96897501E-01 9.97810262E-01 9.40393695E-01
 4.60000000E-02 2.24813881E-03 6.21682888E+00 9.96758438E-01 9.97712064E-01 9.40388645E-01
 4.70000000E-02 2.29701139E-03 6.21668966E+00 9.96616350E-01 9.97611727E-01 9.40383484E-01
 4.80000000E-02 2.34588398E-03 6.21654745E+00 9.96471240E-01 9.97509250E-01 9.40378213E-01
 4.90000000E-02 2.39475656E-03 6.21640227E+00 9.96323109E-01 9.97404635E-01 9.40372830E-01
 5.00000000E-02 2.44362914E-03 6.21625410E+00 9.96171960E-01 9.97297884E-01 9.40367336E-01
 5.10000000E-02 2.49250173E-03 6.21610296E+00 9.96017794E-01 9.97188997E-01 9.40361731E-01
 5.20000000E-02 2.54137431E-03 6.21594884E+00 9.95860615E-01 9.97077976E-01 9.40356016E-01
 5.30000000E-02 2.59024689E-03 6.21579173E+00 9.95700424E-01 9.96964821E-01 9.40350189E-01
 5.40000000E-02 2.63911947E-03 6.21563166E+00 9.95537224E-01 9.96849535E-01 9.40344252E-01
 5.50000000E-02 2.68799206E-03 6.21546860E+00 9.95371017E-01 9.96732119E-01 9.40338203E-01
 5.60000000E-02 2.73686464E-03 6.21530257E+00 9.95201805E-01 9.96612574E-01 9.40332044E-01
 5.70000000E-02 2.78573722E-03 6.21513357E+00 9.95029591E-01 9.96490900E-01 9.40325774E-01
 5.80000000E-02 2.83460981E-03 6.21496160E+00 9.94854378E-01 9.96367101E-01 9.40319392E-01
 5.90000000E-02 2.88348239E-03 6.21478665E+00 9.94676167E-01 9.96241176E-01 9.40312900E-01
 6.00000000E-02 2.93235497E-03 6.21460873E+00 9.94494962E-01 9.96113127E-01 9.40306298E-01
 6.10000000E-02 2.98122755E-03 6.21442784E+00 9.94310765E-01 9.95982957E-01 9.40299584E-01
 6.20000000E-02 3.03010014E-03 6.21424398E+00 9.94123579E-01 9.95850665E-01 9.40292759E-01
 6.30000000E-02 3.07897272E-03 6.21405715E+00 9.93933406E-01 9.95716254E-01 9.40285823E-01
 6.40000000E-02 3.12784530E-03 6.21386736E+00 9.93740249E-01 9.95579725E-01 9.40278777E-01
 6.50000000E-02 3.17671789E-03 6.21367460E+00 9.93544111E-01 9.95441080E-01 9.40271620E-01
 6.60000000E-02 3.22559047E-03 6.21347887E+00 9.93344995E-01 9.95300319E-01 9.40264351E-01
 6.70000000E-02 3.27446305E-03 6.21328018E+00 9.93142904E-01 9.95157445E-01 9.40256972E-01
 6.80000000E-02 3.32333563E-03 6.21307853E+00 9.92937840E-01 9.95012459E-01 9.40249482E-01
 6.90000000E-02 3.37220822E-03 6.21287391E+00 9.92729807E-01 9.94865363E-01 9.40241881E-01
 7.00000000E-02 3.42108080E-03 6.21266634E+00 9.92518808E-01 9.94716157E-01 9.40234170E-01
 7.10000000E-02 3.46995338E-03 6.21245580E+00 9.92304844E-01 9.94564844E-01 9.40226347E-01
 7.20000000E-02 3.51882597E-03 6.21224231E+00 9.92087921E-01 9.94411424E-01 9.40218414E-01
 7.30000000E-02 3.56769855E-03 6.21202586E+00 9.91868040E-01 9.94255900E-01 9.40210370E-01
 7.40000000E-02 3.61657113E-03 6.21180645E+00 9.91645205E-01 9.94098273E-01 9.40202215E-01
 7.50000000E-02 3.66544371E-03 6.21158409E+00 9.91419419E-01 9.93938544E-01 9.40193949E-01
 7.60000000E-02 3.71431630E-03 6.21135877E+00 9.91190685E-01 9.93776714E-01 9.40185572E-01
 7.70000000E-02 3.76318888E-03 6.21113050E+00 9.90959007E-01 9.93612786E-01 9.40177085E-01
 7.80000000E-02 3.81206146E-03 6.21089928E+00 9.90724388E-01 9.93446760E-01 9.40168486E-01
 7.90000000E-02 3.86093405E-03 6.21066511E+00 9.90486831E-01 9.93278637E-01 9.40159777E-01
 8.00000000E-02 3.90980663E-03 6.21042799E+00 9.90246340E-01 9.93108419E-01 9.40150957E-01
 8.10000000E-02 3.95867921E-03 6.21018793E+00 9.90002917E-01 9.92936107E-01 9.40142027E-01
 8.20000000E-02 4.00755179E-03 6.20994492E+00 9.89756568E-01 9.92761700E-01 9.40132985E-01
 8.30000000E-02 4.05642438E-03 6.20969896E+00 9.89507294E-01 9.92585202E-01 9.40123833E-01
 8.40000000E-02 4.10529696E-03 6.20945006E+00 9.89255100E-01 9.92406610E-01 9.40114570E-01
 8.50000000E-02 4.15416954E-03 6.20919822E+00 9.88999990E-01 9.92225926E-01 9.40105196E-01
 8.60000000E-02 4.20304213E-03 6.20894344E+00 9.88741966E-01 9.92043150E-01 9.40095711E-01
 8.70000000E-02 4.25191471E-03 6.20868571E+00 9.88481032E-01 9.91858279E-01 9.40086116E-01
 8.80000000E-02 4.30078729E-03 6.20842505E+00 9.88217193E-01 9.91671313E-01 9.40076409E-01
 8.90000000E-02 4.34965987E-03 6.20816146E+00 9.87950452E-01 9.91482249E-01 9.40066592E-01
 9.00000000E-02 4.39853246E-03 6.20789492E+00 9.87680813E-01 9.91291082E-01 9.40056665E-01
 9.10000000E-02 4.44740504E-03 6.20762546E+00 9.87408280E-01 9.91097806E-01 9.40046626E-01
 9.20000000E-02 4.49627762E-03 6.20735306E+00 9.87132856E-01 9.90902411E-01 9.40036477E-01
 9.30000000E-02 4.54515021E-03 6.20707773E+00 9.86854545E-01 9.90704881E-01 9.40026217E-01
 9.40000000E-02 4.59402279E-03 6.20679948E+00 9.86573352E-01 9.90505193E-01 9.40015847E-01
 9.50000000E-02 4.64289537E-03 6.20651829E+00 9.86289281E-01 9.90303310E-01 9.40005365E-01
 9.60000000E-02 4.69176795E-03 6.20623418E+00 9.86002334E-01 9.90099164E-01 9.39994773E-01
 9.70000000E-02 4.74064054E-03 6.20594715E+00 9.85712517E-01 9.89892631E-01 9.39984071E-01
 9.80000000E-02 4.78951312E-03 6.20565719E+00 9.85419834E-01 9.89683436E-01 9.39973257E-01
 9.90000000E-02 4.83838570E-03 6.20536431E+00 9.85124289E-01 9.89470772E-01 9.39962333E-01
 1.00000000E-01 4.88725829E-03 6.20506851E+00 9.84825885E-01 9.89244600E-01 9.39951298E-01
 1.10000000E-01 5.37598411E-03 6.20195028E+00 9.81685603E-01 9.87015174E-01 9.39834864E-01
 1.20000000E-01 5.86470994E-03 6.19854192E+00 9.78264389E-01 9.84584202E-01 9.39707369E-01
 1.30000000E-01 6.35343577E-03 6.19484528E+00 9.74567033E-01 9.81954485E-01 9.39568821E-01
 1.40000000E-01 6.84216160E-03 6.19086233E+00 9.70598668E-01 9.79129035E-01 9.39419228E-01
 1.50000000E-01 7.33088743E-03 6.18659519E+00 9.66364764E-01 9.76111058E-01 9.39258601E-01
 1.60000000E-01 7.81961326E-03 6.18204614E+00 9.61871103E-01 9.72903955E-01 9.39086949E-01
 1.70000000E-01 8.30833909E-03 6.17721756E+00 9.57123767E-01 9.69511305E-01 9.38904283E-01
 1.80000000E-01 8.79706491E-03 6.17211200E+00 9.52129119E-01 9.65936862E-01 9.38710614E-01
 1.90000000E-01 9.28579074E-03 6.16673211E+00 9.46893781E-01 9.62184542E-01 9.38505954E-01
 2.00000000E-01 9.77451657E-03 6.16108066E+00 9.41424621E-01 9.58258413E-01 9.38290318E-01
 2.10000000E-01 1.02632424E-02 6.15516058E+00 9.35728725E-01 9.54162688E-01 9.38063718E-01
 2.20000000E-01 1.07519682E-02 6.14897486E+00 9.29813386E-01 9.49901711E-01 9.37826170E-01
 2.30000000E-01 1.12406941E-02 6.14252663E+00 9.23686078E-01 9.45479950E-01 9.37577688E-01
 2.40000000E-01 1.17294199E-02 6.13581914E+00 9.17354438E-01 9.40901981E-01 9.37318291E-01
 2.50000000E-01 1.22181457E-02 6.12885570E+00 9.10826248E-01 9.36172486E-01 9.37047994E-01
 2.60000000E-01 1.27068715E-02 6.12163974E+00 9.04109409E-01 9.31296232E-01 9.36766815E-01
 2.70000000E-01 1.31955974E-02 6.11417479E+00 8.97211928E-01 9.26278069E-01 9.36474775E-01
 2.80000000E-01 1.36843232E-02 6.10646445E+00 8.90141893E-01 9.21122916E-01 9.36171893E-01
 2.90000000E-01 1.41730490E-02 6.09851241E+00 8.82907457E-01 9.15835749E-01 9.35858189E-01
 3.00000000E-01 1.46617749E-02 6.09032242E+00 8.75516818E-01 9.10421593E-01 9.35533686E-01
 3.10000000E-01 1.51505007E-02 6.08189831E+00 8.67978199E-01 9.04885512E-01 9.35198406E-01
 3.20000000E-01 1.56392265E-02 6.07324399E+00 8.60299833E-01 8.99232596E-01 9.34852372E-01
 3.30000000E-01 1.61279523E-02 6.06436341E+00 8.52489943E-01 8.93467954E-01 9.34495610E-01
 3.40000000E-01 1.66166782E-02 6.05526059E+00 8.44556724E-01 8.87596705E-01 9.34128145E-01
 3.50000000E-01 1.71054040E-02 6.04593959E+00 8.36508332E-01 8.81623966E-01 9.33750004E-01
 3.60000000E-01 1.75941298E-02 6.03640451E+00 8.28352864E-01 8.75554846E-01 9.33361213E-01
 3.70000000E-01 1.80828557E-02 6.02665952E+00 8.20098343E-01 8.69394434E-01 9.32961803E-01
 3.80000000E-01 1.85715815E-02 6.01670880E+00 8.11752707E-01 8.63147794E-01 9.32551801E-01
 3.90000000E-01 1.90603073E-02 6.00655656E+00 8.03323793E-01 8.56819957E-01 9.32131240E-01
 4.00000000E-01 1.95490331E-02 5.99620706E+00 7.94819327E-01 8.50415909E-01 9.31700149E-01
 4.10000000E-01 2.00377590E-02 5.98566455E+00 7.86246910E-01 8.43940589E-01 9.31258563E-01
 4.20000000E-01 2.05264848E-02 5.97493334E+00 7.77614008E-01 8.37398881E-01 9.30806515E-01
 4.30000000E-01 2.10152106E-02 5.96401770E+00 7.68927942E-01 8.30795605E-01 9.30344040E-01
 4.40000000E-01 2.15039365E-02 5.95292196E+00 7.60195881E-01 8.24135514E-01 9.29871172E-01
 4.50000000E-01 2.19926623E-02 5.94165042E+00 7.51424829E-01 8.17423288E-01 9.29387950E-01
 4.60000000E-01 2.24813881E-02 5.93020740E+00 7.42621623E-01 8.10663526E-01 9.28894412E-01
 4.70000000E-01 2.29701139E-02 5.91859720E+00 7.33792919E-01 8.03860744E-01 9.28390596E-01
 4.80000000E-01 2.34588398E-02 5.90682414E+00 7.24945196E-01 7.97019372E-01 9.27876542E-01
 4.90000000E-01 2.39475656E-02 5.89489250E+00 7.16084740E-01 7.90143744E-01 9.27352291E-01
 5.00000000E-01 2.44362914E-02 5.88280657E+00 7.07217649E-01 7.83238102E-01 9.26817886E-01
 5.10000000E-01 2.49250173E-02 5.87057061E+00 6.98349821E-01 7.76306586E-01 9.26273371E-01
 5.20000000E-01 2.54137431E-02 5.85818886E+00 6.89486959E-01 7.69353236E-01 9.25718788E-01
 5.30000000E-01 2.59024689E-02 5.84566554E+00 6.80634562E-01 7.62381987E-01 9.25154184E-01
 5.40000000E-01 2.63911947E-02 5.83300484E+00 6.71797927E-01 7.55396667E-01 9.24579606E-01
 5.50000000E-01 2.68799206E-02 5.82021093E+00 6.62982147E-01 7.48400995E-01 9.23995100E-01
 5.60000000E-01 2.73686464E-02 5.80728794E+00 6.54192109E-01 7.41398581E-01 9.23400716E-01
 5.70000000E-01 2.78573722E-02 5.79423996E+00 6.45432497E-01 7.34392923E-01 9.22796502E-01
 5.80000000E-01 2.83460981E-02 5.78107106E+00 6.36707791E-01 7.27387408E-01 9.22182510E-01
 5.90000000E-01 2.88348239E-02 5.76778525E+00 6.28022266E-01 7.20385308E-01 9.21558791E-01
 6.00000000E-01 2.93235497E-02 5.75438653E+00 6.19379998E-01 7.13389785E-01 9.20925398E-01
 6.10000000E-01 2.98122755E-02 5.74087882E+00 6.10784862E-01 7.06403883E-01 9.20282385E-01
 6.20000000E-01 3.03010014E-02 5.72726603E+00 6.02240537E-01 6.99430537E-01 9.19629806E-01
 6.30000000E-01 3.07897272E-02 5.71355198E+00 5.93750505E-01 6.92472567E-01 9.18967717E-01
 6.40000000E-01 3.12784530E-02 5.69974049E+00 5.85318060E-01 6.85532679E-01 9.18296174E-01
 6.50000000E-01 3.17671789E-02 5.68583531E+00 5.76946305E-01 6.78613471E-01 9.17615235E-01
 6.60000000E-01 3.22559047E-02 5.67184012E+00 5.68638160E-01 6.71717426E-01 9.16924960E-01
 6.70000000E-01 3.27446305E-02 5.65775858E+00 5.60396363E-01 6.64846918E-01 9.16225406E-01
 6.80000000E-01 3.32333563E-02 5.64359427E+00 5.52223476E-01 6.58004213E-01 9.15516635E-01
 6.90000000E-01 3.37220822E-02 5.62935074E+00 5.44121889E-01 6.51191468E-01 9.14798707E-01
 7.00000000E-01 3.42108080E-02 5.61503146E+00 5.36093824E-01 6.44410734E-01 9.14071686E-01
 7.10000000E-01 3.46995338E-02 5.60063986E+00 5.28141338E-01 6.37663955E-01 9.13335634E-01
 7.20000000E-01 3.51882597E-02 5.58617932E+00 5.20266331E-01 6.30952972E-01 9.12590614E-01
 7.30000000E-01 3.56769855E-02 5.57165314E+00 5.12470547E-01 6.24279523E-01 9.11836692E-01
 7.40000000E-01 3.61657113E-02 5.55706458E+00 5.04755583E-01 6.17645244E-01 9.11073933E-01
 7.50000000E-01 3.66544371E-02 5.54241684E+00 4.97122891E-01 6.11051669E-01 9.10302403E-01
 7.60000000E-01 3.71431630E-02 5.52771304E+00 4.89573781E-01 6.04500234E-01 9.09522169E-01
 7.70000000E-01 3.76318888E-02 5.51295628E+00 4.82109432E-01 5.97992275E-01 9.08733299E-01
 7.80000000E-01 3.81206146E-02 5.49814957E+00 4.74730892E-01 5.91529027E-01 9.07935862E-01
 7.90000000E-01 3.86093405E-02 5.48329587E+00 4.67439084E-01 5.85111629E-01 9.07129927E-01
 8.00000000E-01 3.90980663E-02 5.46839808E+00 4.60234811E-01 5.78741116E-01 9.06315564E-01
 8.10000000E-01 3.95867921E-02 5.45345905E+00 4.53118764E-01 5.72418423E-01 9.05492843E-01
 8.20000000E-01 4.00755179E-02 5.43848156E+00 4.46091520E-01 5.66144379E-01 9.04661835E-01
 8.30000000E-01 4.05642438E-02 5.42346833E+00 4.39153553E-01 5.59919702E-01 9.03822612E-01
 8.40000000E-01 4.10529696E-02 5.40842203E+00 4.32305237E-01 5.53744994E-01 9.02975248E-01
 8.50000000E-01 4.15416954E-02 5.39334527E+00 4.25546848E-01 5.47620727E-01 9.02119814E-01
 8.60000000E-01 4.20304213E-02 5.37824060E+00 4.18878573E-01 5.41547230E-01 9.01256384E-01
 8.70000000E-01 4.25191471E-02 5.36311051E+00 4.12300510E-01 5.35524666E-01 9.00385032E-01
 8.80000000E-01 4.30078729E-02 5.34795744E+00 4.05812676E-01 5.29552998E-01 8.99505833E-01
 8.90000000E-01 4.34965987E-02 5.33278376E+00 3.99415008E-01 5.23631942E-01 8.98618862E-01
 9.00000000E-01 4.39853246E-02 5.31759180E+00 3.93107372E-01 5.17760886E-01 8.97724195E-01
 9.10000000E-01 4.44740504E-02 5.30238382E+00 3.86889560E-01 5.11938778E-01 8.96821907E-01
 9.20000000E-01 4.49627762E-02 5.28716204E+00 3.80761300E-01 5.06163930E-01 8.95912074E-01
 9.30000000E-01 4.54515021E-02 5.27192861E+00 3.74722258E-01 5.00433697E-01 8.94994773E-01
 9.40000000E-01 4.59402279E-02 5.25668564E+00 3.68772040E-01 4.94743899E-01 8.94070082E-01
 9.50000000E-01 4.64289537E-02 5.24143518E+00 3.62910197E-01 4.89087720E-01 8.93138078E-01
 9.60000000E-01 4.69176795E-02 5.22617922E+00 3.57136230E-01 4.83453396E-01 8.92198838E-01
 9.70000000E-01 4.74064054E-02 5.21091970E+00 3.51449589E-01 4.77818693E-01 8.91252441E-01
 9.80000000E-01 4.78951312E-02 5.19565854E+00 3.45849682E-01 4.72134816E-01 8.90298965E-01
 9.90000000E-01 4.83838570E-02 5.18039755E+00 3.40335872E-01 4.66258965E-01 8.89338488E-01
 1.00000000E+00 4.88725829E-02 5.16513856E+00 3.34907486E-01 4.58419149E-01 8.88371089E-01
 1.11250000E+00 5.43707484E-02 4.99410621E+00 2.79485732E-01 4.03518646E-01 8.77035033E-01
 1.22500000E+00 5.98689140E-02 4.82558280E+00 2.33541621E-01 3.55503673E-01 8.64946222E-01
 1.33750000E+00 6.53670796E-02 4.66104110E+00 1.95694887E-01 3.13780075E-01 8.52217009E-01
 1.45000000E+00 7.08652451E-02 4.50146185E+00 1.64602374E-01 2.77642911E-01 8.38956041E-01
 1.56250000E+00 7.63634107E-02 4.34745244E+00 1.39061305E-01 2.46377369E-01 8.25266009E-01
 1.67500000E+00 8.18615763E-02 4.19934437E+00 1.18044357E-01 2.19312865E-01 8.11242120E-01
 1.78750000E+00 8.73597419E-02 4.05726978E+00 1.00698659E-01 1.95848040E-01 7.96971210E-01
 1.90000000E+00 9.28579074E-02 3.92122000E+00 8.63282633E-02 1.75460987E-01 7.82531372E-01
 2.01250000E+00 9.83560730E-02 3.79108946E+00 7.43710061E-02 1.57836195E-01 7.67991967E-01
 2.11250000E+00 1.03243331E-01 3.68025057E+00 6.54009554E-02 1.43900272E-01 7.55033908E-01
 2.21250000E+00 1.08130590E-01 3.57380736E+00 5.77223989E-02 1.31493607E-01 7.42082939E-01
 2.31250000E+00 1.13017848E-01 3.47159656E+00 5.11241439E-02 1.20323071E-01 7.29171933E-01
 2.42500000E+00 1.18516013E-01 3.36145398E+00 4.47773956E-02 1.09184859E-01 7.14730270E-01
 2.55000000E+00 1.24625086E-01 3.24479575E+00 3.88284575E-02 9.84049871E-02 6.98827807E-01
 2.67500000E+00 1.30734159E-01 3.13383047E+00 3.38285683E-02 8.89530863E-02 6.83114968E-01
 2.80000000E+00 1.36843232E-01 3.02822418E+00 2.96030907E-02 8.06330287E-02 6.67624044E-01
 2.92500000E+00 1.42952305E-01 2.92765583E+00 2.60131510E-02 7.32816050E-02 6.52380854E-01
 3.05000000E+00 1.49061378E-01 2.83181992E+00 2.29477257E-02 6.67624407E-02 6.37405653E-01
 3.17500000E+00 1.55170451E-01 2.74042789E+00 2.03175708E-02 6.09608588E-02 6.22713935E-01
 3.30000000E+00 1.61279523E-01 2.65320866E+00 1.80505547E-02 5.57784876E-02 6.08317148E-01
 3.42500000E+00 1.67388596E-01 2.56990844E+00 1.60880587E-02 5.10740015E-02 5.94223321E-01
 3.57500000E+00 1.74719484E-01 2.47478885E+00 1.40682189E-02 4.61387389E-02 5.77717719E-01
 3.72500000E+00 1.82050371E-01 2.38459344E+00 1.23515494E-02 4.17847537E-02 5.61660086E-01
 3.87500000E+00 1.89381259E-01 2.29897455E+00 1.08849085E-02 3.79320293E-02 5.46050832E-01
 4.02500000E+00 1.96712146E-01 2.21761349E+00 9.62573597E-03 3.45850535E-02 5.30887191E-01
 4.12500000E+00 2.01599404E-01 2.16559297E+00 8.88431923E-03 3.25026918E-02 5.21023145E-01
 4.22500000E+00 2.06486663E-01 2.11525405E+00 8.21121677E-03 3.05710755E-02 5.11352792E-01
 4.32500000E+00 2.11373921E-01 2.06652080E+00 7.59900321E-03 2.87769578E-02 5.01873757E-01
 4.42500000E+00 2.16261179E-01 2.01932152E+00 7.04118269E-03 2.71084735E-02 4.92583399E-01
 4.52500000E+00 2.21148437E-01 1.97358852E+00 6.53205793E-03 2.55549729E-02 4.83478865E-01
 4.62500000E+00 2.26035696E-01 1.92925782E+00 6.06661961E-03 2.41068786E-02 4.74557122E-01
 4.72500000E+00 2.30922954E-01 1.88626897E+00 5.64045275E-03 2.27555607E-02 4.65815004E-01
 4.82500000E+00 2.35810212E-01 1.84456479E+00 5.24965711E-03 2.14932284E-02 4.57249232E-01
 4.92500000E+00 2.40697471E-01 1.80409118E+00 4.89077944E-03 2.03128361E-02 4.48856449E-01
 5.02500000E+00 2.45584729E-01 1.76479694E+00 4.56075563E-03 1.92080005E-02 4.40633242E-01
 5.12500000E+00 2.50471987E-01 1.72663358E+00 4.25686109E-03 1.81729288E-02 4.32576159E-01
 5.22500000E+00 2.55359245E-01 1.68955514E+00 3.97666823E-03 1.72023555E-02 4.24681731E-01
 5.32500000E+00 2.60246504E-01 1.65351806E+00 3.71800983E-03 1.62914862E-02 4.16946481E-01
 5.42500000E+00 2.65133762E-01 1.61848100E+00 3.47894742E-03 1.54359497E-02 4.09366944E-01
 5.52500000E+00 2.70021020E-01 1.58440475E+00 3.25774393E-03 1.46317538E-02 4.01939673E-01
 5.62500000E+00 2.74908279E-01 1.55125205E+00 3.05283998E-03 1.38752475E-02 3.94661247E-01
 5.72500000E+00 2.79795537E-01 1.51898750E+00 2.86283334E-03 1.31630874E-02 3.87528284E-01
 5.82500000E+00 2.84682795E-01 1.48757747E+00 2.68646089E-03 1.24922072E-02 3.80537443E-01
 5.92500000E+00 2.89570053E-01 1.45698994E+00 2.52258305E-03 1.18597914E-02 3.73685432E-01
 6.02500000E+00 2.94457312E-01 1.42719446E+00 2.37017006E-03 1.12632510E-02 3.66969009E-01
 6.12500000E+00 2.99344570E-01 1.39816202E+00 2.22828997E-03 1.07002031E-02 3.60384992E-01
 6.22500000E+00 3.04231828E-01 1.36986498E+00 2.09609810E-03 1.01684512E-02 3.53930254E-01
 6.32500000E+00 3.09119087E-01 1.34227701E+00 1.97282780E-03 9.66596841E-03 3.47601730E-01
 6.42500000E+00 3.14006345E-01 1.31537298E+00 1.85778224E-03 9.19088245E-03 3.41396420E-01
 6.52500000E+00 3.18893603E-01 1.28912893E+00 1.75032723E-03 8.74146180E-03 3.35311383E-01
 6.62500000E+00 3.23780861E-01 1.26352198E+00 1.64988481E-03 8.31610343E-03 3.29343748E-01
 6.72500000E+00 3.28668120E-01 1.23853026E+00 1.55592760E-03 7.91332176E-03 3.23490706E-01
 6.82500000E+00 3.33555378E-01 1.21413289E+00 1.46797381E-03 7.53173866E-03 3.17749514E-01
 6.92500000E+00 3.38442636E-01 1.19030991E+00 1.38558271E-03 7.17007442E-03 3.12117493E-01
 7.02500000E+00 3.43329895E-01 1.16704221E+00 1.30835074E-03 6.82713960E-03 3.06592031E-01
 7.12500000E+00 3.48217153E-01 1.14431152E+00 1.23590787E-03 6.50182764E-03 3.01170578E-01
 7.22500000E+00 3.53104411E-01 1.12210035E+00 1.16791453E-03 6.19310818E-03 2.95850649E-01
 7.32500000E+00 3.57991669E-01 1.10039193E+00 1.10405870E-03 5.90002089E-03 2.90629821E-01
 7.42500000E+00 3.62878928E-01 1.07917020E+00 1.04405342E-03 5.62167002E-03 2.85505733E-01
 7.52500000E+00 3.67766186E-01 1.05841978E+00 9.87634468E-04 5.35721933E-03 2.80476084E-01
 7.62500000E+00 3.72653444E-01 1.03812590E+00 9.34558375E-04 5.10588745E-03 2.75538634E-01
 7.72500000E+00 3.77540703E-01 1.01827439E+00 8.84600532E-04 4.86694371E-03 2.70691201E-01
 7.82500000E+00 3.82427961E-01 9.98851652E-01 8.37553558E-04 4.63970430E-03 2.65931659E-01
 7.92500000E+00 3.87315219E-01 9.79844642E-01 7.93225799E-04 4.42352870E-03 2.61257940E-01
 8.02500000E+00 3.92202477E-01 9.61240815E-01 7.51439979E-04 4.21781647E-03 2.56668029E-01
 8.12500000E+00 3.97089736E-01 9.43028122E-01 7.12031982E-04 4.02200424E-03 2.52159966E-01
 8.22500000E+00 4.01976994E-01 9.25194977E-01 6.74849744E-04 3.83556292E-03 2.47731842E-01
 8.32500000E+00 4.06864252E-01 9.07730240E-01 6.39752257E-04 3.65799512E-03 2.43381800E-01
 8.42500000E+00 4.11751511E-01 8.90623193E-01 6.06608657E-04 3.48883262E-03 2.39108031E-01
 8.52500000E+00 4.16638769E-01 8.73863523E-01 5.75297399E-04 3.32763394E-03 2.34908777E-01
 8.62500000E+00 4.21526027E-01 8.57441299E-01 5.45705512E-04 3.17398176E-03 2.30782325E-01
 8.72500000E+00 4.26413285E-01 8.41346957E-01 5.17727914E-04 3.02747968E-03 2.26727008E-01
 8.82500000E+00 4.31300544E-01 8.25571286E-01 4.91266789E-04 2.88774675E-03 2.22741204E-01
 8.92500000E+00 4.36187802E-01 8.10105407E-01 4.66231022E-04 2.75440289E-03 2.18823334E-01
 9.02500000E+00 4.41075060E-01 7.94940760E-01 4.42535681E-04 2.62699550E-03 2.14971863E-01
 9.12500000E+00 4.45962319E-01 7.80069091E-01 4.20101545E-04 2.50230150E-03 2.11185293E-01
 9.27500000E+00 4.53293206E-01 7.58293583E-01 3.88654693E-04 2.33411054E-03 2.05623958E-01
 9.37500000E+00 4.58180464E-01 7.44120134E-01 3.69060645E-04 2.22580911E-03 2.01993361E-01
 9.47500000E+00 4.63067723E-01 7.30212991E-01 3.50489572E-04 2.12219290E-03 1.98422738E-01
 9.57500000E+00 4.67954981E-01 7.16565118E-01 3.32883095E-04 2.02291757E-03 1.94910765E-01
 9.67500000E+00 4.72842239E-01 7.03169718E-01 3.16186573E-04 1.92757142E-03 1.91456151E-01
 9.77500000E+00 4.77729497E-01 6.90020222E-01 3.00348834E-04 1.83558062E-03 1.88057642E-01
 9.87500000E+00 4.82616756E-01 6.77110285E-01 2.85321929E-04 1.74592994E-03 1.84714013E-01
 9.97500000E+00 4.87504014E-01 6.64433768E-01 2.71060899E-04 1.65597364E-03 1.81424074E-01
 1.00750000E+01 4.92391272E-01 6.51984737E-01 2.57523575E-04 1.53374865E-03 1.78186665E-01
 1.10750000E+01 5.41263855E-01 5.38829875E-01 1.54320747E-04 9.41583174E-04 1.48467061E-01
 1.20750000E+01 5.90136438E-01 4.43125556E-01 9.18917001E-05 5.66635403E-04 1.22923835E-01
 1.30750000E+01 6.39009021E-01 3.61285748E-01 5.37975974E-05 3.30562301E-04 1.00790684E-01
 1.40750000E+01 6.87881604E-01 2.90618230E-01 3.05639219E-05 1.84234383E-04 8.14672272E-02
 1.50750000E+01 7.36754187E-01 2.29064769E-01 1.65515436E-05 9.60687980E-05 6.44783426E-02
 1.60750000E+01 7.85626769E-01 1.75026891E-01 8.31344504E-06 4.51417717E-05 4.94444123E-02
 1.71375000E+01 8.37553889E-01 1.24443479E-01 3.49157934E-06 1.71684127E-05 3.52716358E-02
 1.81375000E+01 8.86426472E-01 8.22167208E-02 1.22367369E-06 5.17518897E-06 2.33670848E-02
 1.91375000E+01 9.35299054E-01 4.43917153E-02 2.59286067E-07 8.85898596E-07 1.26474755E-02
 2.01375000E+01 9.84171637E-01 1.03207049E-02 6.69193468E-09 1.21837806E-08 2.94683902E-03
 2.01750000E+01 9.86004359E-01 9.10873722E-03 4.89523002E-09 8.35401903E-09 2.60099018E-03
 2.02125000E+01 9.87837081E-01 7.90126654E-03 3.42941009E-09 5.43080195E-09 2.25637152E-03
 2.02500000E+01 9.89669803E-01 6.69826793E-03 2.26847754E-09 3.28856483E-09 1.91297651E-03
 2.02875000E+01 9.91502525E-01 5.49971661E-03 1.38525622E-09 1.80339919E-09 1.57079868E-03
 2.03250000E+01 9.93335247E-01 4.30558797E-03 7.50952053E-10 8.52965148E-10 1.22983159E-03
 2.03625000E+01 9.95167968E-01 3.11585758E-03 3.34447016E-10 3.16334210E-10 8.90068866E-04
 2.04000000E+01 9.97000690E-01 1.93050120E-03 1.01020933E-10 7.36033937E-11 5.51504157E-04
 2.04375000E+01 9.98833412E-01 7.49494748E-04 9.48442692E-12 4.56499075E-12 2.14131167E-04
 2.04431250E+01 9.99108320E-01 5.72717482E-04 4.84081819E-12 1.99301295E-12 1.63627617E-04
 2.04487500E+01 9.99383229E-01 3.96037471E-04 1.92480370E-12 6.64964185E-13 1.13150718E-04
 2.04525000E+01 9.99566501E-01 2.78304788E-04 7.96769743E-13 2.25451634E-13 7.95142490E-05
 2.04562500E+01 9.99749773E-01 1.60615270E-04 2.01596791E-13 4.35895096E-14 4.58896094E-05
 2.04600000E+01 9.99933045E-01 4.29688936E-05 7.46255191E-15 8.22332803E-16 1.22767933E-05
 2.04605625E+01 9.99960536E-01 2.53256566E-05 1.99022204E-15 1.66387475E-16 7.23589029E-06
 2.04609375E+01 9.99978863E-01 1.35640376E-05 4.17802222E-16 2.80154778E-17 3.87543598E-06
 2.04609937E+01 9.99981612E-01 1.17998319E-05 2.94908722E-16 1.83350618E-17 3.37137803E-06
 2.04610500E+01 9.99984361E-01 1.00356359E-05 1.96725243E-16 1.11896356E-17 2.86732273E-06
 2.04611062E+01 9.99987111E-01 8.27144962E-06 1.21325392E-16 6.19544233E-18 2.36327009E-06
 2.04611625E+01 9.99989860E-01 6.50727304E-06 6.66031832E-17 2.96814182E-18 1.85922011E-06
 2.04612187E+01 9.99992609E-01 4.74310616E-06 3.02102491E-17 1.12236401E-18 1.35517279E-06
 2.04612750E+01 9.99995358E-01 2.97894899E-06 9.44397087E-18 2.70521071E-19 8.51128125E-07
 2.04613312E+01 9.99998107E-01 1.21480151E-06 1.00290561E-18 2.00317007E-20 3.47086120E-07
 2.04613369E+01 9.99998382E-01 1.03838729E-06 6.77477921E-19 1.24162593E-20 2.96682066E-07
 2.04613425E+01 9.99998657E-01 8.61973176E-07 4.25334968E-19 7.02771273E-21 2.46278038E-07
 2.04613481E+01 9.99998932E-01 6.85559156E-07 2.39943521E-19 3.48187887E-21 1.95874037E-07
 2.04613537E+01 9.99999206E-01 5.09145233E-07 1.14051466E-19 1.39363532E-21 1.45470062E-07
 2.04613594E+01 9.99999481E-01 3.32731406E-07 3.93759581E-20 3.75934229E-22 9.50661145E-08
 2.04613650E+01 9.99999756E-01 1.56317677E-07 5.95685260E-21 4.31040680E-23 4.46621932E-08
 2.04613656E+01 9.99999784E-01 1.38676309E-07 4.41572795E-21 2.99645881E-23 3.96218025E-08
 2.04613661E+01 9.99999811E-01 1.21034943E-07 3.14248737E-21 1.98092390E-23 3.45814121E-08
 2.04613667E+01 9.99999839E-01 1.03393577E-07 2.11948583E-21 1.22547352E-23 2.95410220E-08
 2.04613672E+01 9.99999866E-01 8.57522124E-08 1.32773055E-21 6.91743541E-24 2.45006321E-08
 2.04613678E+01 9.99999894E-01 6.81108486E-08 7.46512941E-22 3.41314672E-24 1.94602425E-08
 2.04613684E+01 9.99999921E-01 5.04694859E-08 3.52832687E-22 1.35672335E-24 1.44198531E-08
 2.04613689E+01 9.99999949E-01 3.28281241E-08 1.20395921E-22 3.61056674E-25 9.37946405E-09
 2.04613695E+01 9.99999976E-01 1.51867633E-08 1.75250661E-23 3.94886767E-26 4.33907524E-09
 2.04613696E+01 9.99999979E-01 1.34226273E-08 1.28703522E-23 2.71381775E-26 3.83503637E-09
 2.04613696E+01 9.99999982E-01 1.16584912E-08 9.04903946E-24 1.76751728E-26 3.33099751E-09
 2.04613697E+01 9.99999984E-01 9.89435523E-09 6.00434104E-24 1.07163100E-26 2.82695865E-09
 2.04613697E+01 9.99999987E-01 8.13021924E-09 3.67495688E-24 5.87784962E-27 2.32291979E-09
 2.04613698E+01 9.99999990E-01 6.36608326E-09 1.99378071E-24 2.77544138E-27 1.81888094E-09
 2.04613698E+01 9.99999993E-01 4.60194728E-09 8.85830649E-25 1.02365431E-27 1.31484209E-09
 2.04613699E+01 9.99999995E-01 2.83781132E-09 2.64518100E-25 2.34699549E-28 8.10803237E-10
 2.04613699E+01 9.99999998E-01 1.07367536E-09 2.32905138E-26 1.33976566E-29 3.06764390E-10
 2.04613700E+01 9.99999999E-01 8.09054974E-10 1.14799946E-26 5.59868404E-30 2.31158565E-10
 2.04613700E+01 9.99999999E-01 5.44434588E-10 4.26442887E-27 1.71968686E-30 1.55552740E-10
 2.04613700E+01 9.99999999E-01 3.68020998E-10 1.60205750E-27 5.20386279E-31 1.05148857E-10
 2.04613700E+01 1.00000000E+00 1.91607408E-10 3.13348299E-28 7.98917170E-32 5.47449739E-11
 2.04613700E+01 1.00000000E+00 1.51938175E-11 5.54835027E-31 1.04018182E-34 4.34109074E-12
 2.04613700E+01 1.00000000E+00 -1.61219772E-10 0.00000000E+00 0.00000000E+00 4.34109074E-12
