                                           x xi w rho/rho0 SD v2 logc= 1.02926401D+00
 0.00000000E+00 0.00000000E+00 5.00000000E+00 1.00000000E+00 1.00000000E+00 8.77441023E-01
 1.00000000E-05 9.34837219E-07 5.00000000E+00 1.00000000E+00 1.00000000E+00 8.77441023E-01
 1.10000000E-05 1.02832094E-06 5.00000000E+00 1.00000000E+00 1.00000000E+00 8.77441023E-01
 1.20000000E-05 1.12180466E-06 5.00000000E+00 1.00000000E+00 1.00000000E+00 8.77441023E-01
 1.30000000E-05 1.21528839E-06 5.00000000E+00 1.00000000E+00 1.00000000E+00 8.77441023E-01
 1.40000000E-05 1.30877211E-06 5.00000000E+00 1.00000000E+00 1.00000000E+00 8.77441023E-01
 1.50000000E-05 1.40225583E-06 5.00000000E+00 1.00000000E+00 1.00000000E+00 8.77441023E-01
 1.60000000E-05 1.49573955E-06 5.00000000E+00 1.00000000E+00 1.00000000E+00 8.77441023E-01
 1.70000000E-05 1.58922327E-06 5.00000000E+00 1.00000000E+00 1.00000000E+00 8.77441023E-01
 1.80000000E-05 1.68270699E-06 5.00000000E+00 9.99999999E-01 1.00000000E+00 8.77441023E-01
 1.90000000E-05 1.77619072E-06 5.00000000E+00 9.99999999E-01 1.00000000E+00 8.77441023E-01
 2.00000000E-05 1.86967444E-06 5.00000000E+00 9.99999999E-01 1.00000000E+00 8.77441023E-01
 2.10000000E-05 1.96315816E-06 5.00000000E+00 9.99999999E-01 9.99999999E-01 8.77441023E-01
 2.20000000E-05 2.05664188E-06 5.00000000E+00 9.99999999E-01 9.99999999E-01 8.77441023E-01
 2.30000000E-05 2.15012560E-06 5.00000000E+00 9.99999999E-01 9.99999999E-01 8.77441023E-01
 2.40000000E-05 2.24360933E-06 5.00000000E+00 9.99999999E-01 9.99999999E-01 8.77441023E-01
 2.50000000E-05 2.33709305E-06 5.00000000E+00 9.99999999E-01 9.99999999E-01 8.77441023E-01
 2.60000000E-05 2.43057677E-06 5.00000000E+00 9.99999999E-01 9.99999999E-01 8.77441023E-01
 2.70000000E-05 2.52406049E-06 5.00000000E+00 9.99999999E-01 9.99999999E-01 8.77441023E-01
 2.80000000E-05 2.61754421E-06 5.00000000E+00 9.99999999E-01 9.99999999E-01 8.77441023E-01
 2.90000000E-05 2.71102794E-06 5.00000000E+00 9.99999999E-01 9.99999999E-01 8.77441023E-01
 3.00000000E-05 2.80451166E-06 5.00000000E+00 9.99999999E-01 9.99999999E-01 8.77441023E-01
 3.10000000E-05 2.89799538E-06 5.00000000E+00 9.99999998E-01 9.99999999E-01 8.77441023E-01
 3.20000000E-05 2.99147910E-06 5.00000000E+00 9.99999998E-01 9.99999999E-01 8.77441023E-01
 3.30000000E-05 3.08496282E-06 5.00000000E+00 9.99999998E-01 9.99999999E-01 8.77441023E-01
 3.40000000E-05 3.17844655E-06 5.00000000E+00 9.99999998E-01 9.99999999E-01 8.77441023E-01
 3.50000000E-05 3.27193027E-06 5.00000000E+00 9.99999998E-01 9.99999999E-01 8.77441023E-01
 3.60000000E-05 3.36541399E-06 5.00000000E+00 9.99999998E-01 9.99999998E-01 8.77441023E-01
 3.70000000E-05 3.45889771E-06 5.00000000E+00 9.99999998E-01 9.99999998E-01 8.77441023E-01
 3.80000000E-05 3.55238143E-06 5.00000000E+00 9.99999998E-01 9.99999998E-01 8.77441023E-01
 3.90000000E-05 3.64586516E-06 5.00000000E+00 9.99999998E-01 9.99999998E-01 8.77441023E-01
 4.00000000E-05 3.73934888E-06 5.00000000E+00 9.99999997E-01 9.99999998E-01 8.77441023E-01
 4.10000000E-05 3.83283260E-06 5.00000000E+00 9.99999997E-01 9.99999998E-01 8.77441023E-01
 4.20000000E-05 3.92631632E-06 5.00000000E+00 9.99999997E-01 9.99999998E-01 8.77441023E-01
 4.30000000E-05 4.01980004E-06 5.00000000E+00 9.99999997E-01 9.99999998E-01 8.77441023E-01
 4.40000000E-05 4.11328376E-06 5.00000000E+00 9.99999997E-01 9.99999998E-01 8.77441023E-01
 4.50000000E-05 4.20676749E-06 5.00000000E+00 9.99999997E-01 9.99999998E-01 8.77441023E-01
 4.60000000E-05 4.30025121E-06 5.00000000E+00 9.99999997E-01 9.99999998E-01 8.77441023E-01
 4.70000000E-05 4.39373493E-06 5.00000000E+00 9.99999996E-01 9.99999997E-01 8.77441023E-01
 4.80000000E-05 4.48721865E-06 5.00000000E+00 9.99999996E-01 9.99999997E-01 8.77441023E-01
 4.90000000E-05 4.58070237E-06 5.00000000E+00 9.99999996E-01 9.99999997E-01 8.77441023E-01
 5.00000000E-05 4.67418610E-06 5.00000000E+00 9.99999996E-01 9.99999997E-01 8.77441023E-01
 5.10000000E-05 4.76766982E-06 5.00000000E+00 9.99999996E-01 9.99999997E-01 8.77441023E-01
 5.20000000E-05 4.86115354E-06 5.00000000E+00 9.99999996E-01 9.99999997E-01 8.77441023E-01
 5.30000000E-05 4.95463726E-06 5.00000000E+00 9.99999996E-01 9.99999997E-01 8.77441023E-01
 5.40000000E-05 5.04812098E-06 5.00000000E+00 9.99999995E-01 9.99999997E-01 8.77441023E-01
 5.50000000E-05 5.14160471E-06 5.00000000E+00 9.99999995E-01 9.99999996E-01 8.77441023E-01
 5.60000000E-05 5.23508843E-06 5.00000000E+00 9.99999995E-01 9.99999996E-01 8.77441023E-01
 5.70000000E-05 5.32857215E-06 5.00000000E+00 9.99999995E-01 9.99999996E-01 8.77441023E-01
 5.80000000E-05 5.42205587E-06 4.99999999E+00 9.99999995E-01 9.99999996E-01 8.77441023E-01
 5.90000000E-05 5.51553959E-06 4.99999999E+00 9.99999994E-01 9.99999996E-01 8.77441023E-01
 6.00000000E-05 5.60902332E-06 4.99999999E+00 9.99999994E-01 9.99999996E-01 8.77441023E-01
 6.10000000E-05 5.70250704E-06 4.99999999E+00 9.99999994E-01 9.99999996E-01 8.77441023E-01
 6.20000000E-05 5.79599076E-06 4.99999999E+00 9.99999994E-01 9.99999996E-01 8.77441023E-01
 6.30000000E-05 5.88947448E-06 4.99999999E+00 9.99999994E-01 9.99999995E-01 8.77441023E-01
 6.40000000E-05 5.98295820E-06 4.99999999E+00 9.99999993E-01 9.99999995E-01 8.77441023E-01
 6.50000000E-05 6.07644193E-06 4.99999999E+00 9.99999993E-01 9.99999995E-01 8.77441023E-01
 6.60000000E-05 6.16992565E-06 4.99999999E+00 9.99999993E-01 9.99999995E-01 8.77441023E-01
 6.70000000E-05 6.26340937E-06 4.99999999E+00 9.99999993E-01 9.99999995E-01 8.77441023E-01
 6.80000000E-05 6.35689309E-06 4.99999999E+00 9.99999993E-01 9.99999995E-01 8.77441023E-01
 6.90000000E-05 6.45037681E-06 4.99999999E+00 9.99999992E-01 9.99999994E-01 8.77441023E-01
 7.00000000E-05 6.54386053E-06 4.99999999E+00 9.99999992E-01 9.99999994E-01 8.77441023E-01
 7.10000000E-05 6.63734426E-06 4.99999999E+00 9.99999992E-01 9.99999994E-01 8.77441023E-01
 7.20000000E-05 6.73082798E-06 4.99999999E+00 9.99999992E-01 9.99999994E-01 8.77441023E-01
 7.30000000E-05 6.82431170E-06 4.99999999E+00 9.99999992E-01 9.99999994E-01 8.77441023E-01
 7.40000000E-05 6.91779542E-06 4.99999999E+00 9.99999991E-01 9.99999994E-01 8.77441023E-01
 7.50000000E-05 7.01127914E-06 4.99999999E+00 9.99999991E-01 9.99999993E-01 8.77441023E-01
 7.60000000E-05 7.10476287E-06 4.99999999E+00 9.99999991E-01 9.99999993E-01 8.77441023E-01
 7.70000000E-05 7.19824659E-06 4.99999999E+00 9.99999991E-01 9.99999993E-01 8.77441023E-01
 7.80000000E-05 7.29173031E-06 4.99999999E+00 9.99999990E-01 9.99999993E-01 8.77441023E-01
 7.90000000E-05 7.38521403E-06 4.99999999E+00 9.99999990E-01 9.99999993E-01 8.77441023E-01
 8.00000000E-05 7.47869775E-06 4.99999999E+00 9.99999990E-01 9.99999993E-01 8.77441023E-01
 8.10000000E-05 7.57218148E-06 4.99999999E+00 9.99999990E-01 9.99999992E-01 8.77441023E-01
 8.20000000E-05 7.66566520E-06 4.99999999E+00 9.99999989E-01 9.99999992E-01 8.77441023E-01
 8.30000000E-05 7.75914892E-06 4.99999999E+00 9.99999989E-01 9.99999992E-01 8.77441023E-01
 8.40000000E-05 7.85263264E-06 4.99999999E+00 9.99999989E-01 9.99999992E-01 8.77441023E-01
 8.50000000E-05 7.94611636E-06 4.99999999E+00 9.99999988E-01 9.99999992E-01 8.77441023E-01
 8.60000000E-05 8.03960009E-06 4.99999999E+00 9.99999988E-01 9.99999991E-01 8.77441023E-01
 8.70000000E-05 8.13308381E-06 4.99999999E+00 9.99999988E-01 9.99999991E-01 8.77441023E-01
 8.80000000E-05 8.22656753E-06 4.99999999E+00 9.99999988E-01 9.99999991E-01 8.77441023E-01
 8.90000000E-05 8.32005125E-06 4.99999999E+00 9.99999987E-01 9.99999991E-01 8.77441023E-01
 9.00000000E-05 8.41353497E-06 4.99999999E+00 9.99999987E-01 9.99999991E-01 8.77441023E-01
 9.10000000E-05 8.50701870E-06 4.99999999E+00 9.99999987E-01 9.99999990E-01 8.77441023E-01
 9.20000000E-05 8.60050242E-06 4.99999999E+00 9.99999987E-01 9.99999990E-01 8.77441023E-01
 9.30000000E-05 8.69398614E-06 4.99999999E+00 9.99999986E-01 9.99999990E-01 8.77441023E-01
 9.40000000E-05 8.78746986E-06 4.99999999E+00 9.99999986E-01 9.99999990E-01 8.77441022E-01
 9.50000000E-05 8.88095358E-06 4.99999999E+00 9.99999986E-01 9.99999990E-01 8.77441022E-01
 9.60000000E-05 8.97443730E-06 4.99999999E+00 9.99999985E-01 9.99999989E-01 8.77441022E-01
 9.70000000E-05 9.06792103E-06 4.99999999E+00 9.99999985E-01 9.99999989E-01 8.77441022E-01
 9.80000000E-05 9.16140475E-06 4.99999999E+00 9.99999985E-01 9.99999989E-01 8.77441022E-01
 9.90000000E-05 9.25488847E-06 4.99999999E+00 9.99999984E-01 9.99999989E-01 8.77441022E-01
 1.00000000E-04 9.34837219E-06 4.99999999E+00 9.99999984E-01 9.99999988E-01 8.77441022E-01
 1.10000000E-04 1.02832094E-05 4.99999998E+00 9.99999981E-01 9.99999986E-01 8.77441022E-01
 1.20000000E-04 1.12180466E-05 4.99999998E+00 9.99999977E-01 9.99999983E-01 8.77441022E-01
 1.30000000E-04 1.21528839E-05 4.99999997E+00 9.99999973E-01 9.99999980E-01 8.77441022E-01
 1.40000000E-04 1.30877211E-05 4.99999997E+00 9.99999969E-01 9.99999977E-01 8.77441021E-01
 1.50000000E-04 1.40225583E-05 4.99999997E+00 9.99999964E-01 9.99999974E-01 8.77441021E-01
 1.60000000E-04 1.49573955E-05 4.99999996E+00 9.99999959E-01 9.99999970E-01 8.77441021E-01
 1.70000000E-04 1.58922327E-05 4.99999996E+00 9.99999954E-01 9.99999966E-01 8.77441020E-01
 1.80000000E-04 1.68270699E-05 4.99999995E+00 9.99999948E-01 9.99999962E-01 8.77441020E-01
 1.90000000E-04 1.77619072E-05 4.99999995E+00 9.99999943E-01 9.99999958E-01 8.77441020E-01
 2.00000000E-04 1.86967444E-05 4.99999994E+00 9.99999936E-01 9.99999954E-01 8.77441019E-01
 2.10000000E-04 1.96315816E-05 4.99999993E+00 9.99999930E-01 9.99999949E-01 8.77441019E-01
 2.20000000E-04 2.05664188E-05 4.99999993E+00 9.99999923E-01 9.99999944E-01 8.77441018E-01
 2.30000000E-04 2.15012560E-05 4.99999992E+00 9.99999916E-01 9.99999939E-01 8.77441018E-01
 2.40000000E-04 2.24360933E-05 4.99999991E+00 9.99999908E-01 9.99999933E-01 8.77441017E-01
 2.50000000E-04 2.33709305E-05 4.99999991E+00 9.99999901E-01 9.99999927E-01 8.77441017E-01
 2.60000000E-04 2.43057677E-05 4.99999990E+00 9.99999892E-01 9.99999921E-01 8.77441016E-01
 2.70000000E-04 2.52406049E-05 4.99999989E+00 9.99999884E-01 9.99999915E-01 8.77441016E-01
 2.80000000E-04 2.61754421E-05 4.99999988E+00 9.99999875E-01 9.99999909E-01 8.77441015E-01
 2.90000000E-04 2.71102794E-05 4.99999987E+00 9.99999866E-01 9.99999902E-01 8.77441015E-01
 3.00000000E-04 2.80451166E-05 4.99999987E+00 9.99999857E-01 9.99999895E-01 8.77441014E-01
 3.10000000E-04 2.89799538E-05 4.99999986E+00 9.99999847E-01 9.99999888E-01 8.77441013E-01
 3.20000000E-04 2.99147910E-05 4.99999985E+00 9.99999837E-01 9.99999881E-01 8.77441013E-01
 3.30000000E-04 3.08496282E-05 4.99999984E+00 9.99999827E-01 9.99999873E-01 8.77441012E-01
 3.40000000E-04 3.17844655E-05 4.99999983E+00 9.99999816E-01 9.99999866E-01 8.77441011E-01
 3.50000000E-04 3.27193027E-05 4.99999982E+00 9.99999805E-01 9.99999858E-01 8.77441011E-01
 3.60000000E-04 3.36541399E-05 4.99999981E+00 9.99999794E-01 9.99999849E-01 8.77441010E-01
 3.70000000E-04 3.45889771E-05 4.99999979E+00 9.99999782E-01 9.99999841E-01 8.77441009E-01
 3.80000000E-04 3.55238143E-05 4.99999978E+00 9.99999770E-01 9.99999832E-01 8.77441008E-01
 3.90000000E-04 3.64586516E-05 4.99999977E+00 9.99999758E-01 9.99999823E-01 8.77441008E-01
 4.00000000E-04 3.73934888E-05 4.99999976E+00 9.99999745E-01 9.99999814E-01 8.77441007E-01
 4.10000000E-04 3.83283260E-05 4.99999975E+00 9.99999732E-01 9.99999805E-01 8.77441006E-01
 4.20000000E-04 3.92631632E-05 4.99999974E+00 9.99999719E-01 9.99999795E-01 8.77441005E-01
 4.30000000E-04 4.01980004E-05 4.99999972E+00 9.99999706E-01 9.99999785E-01 8.77441004E-01
 4.40000000E-04 4.11328376E-05 4.99999971E+00 9.99999692E-01 9.99999775E-01 8.77441003E-01
 4.50000000E-04 4.20676749E-05 4.99999970E+00 9.99999678E-01 9.99999765E-01 8.77441003E-01
 4.60000000E-04 4.30025121E-05 4.99999968E+00 9.99999663E-01 9.99999754E-01 8.77441002E-01
 4.70000000E-04 4.39373493E-05 4.99999967E+00 9.99999648E-01 9.99999743E-01 8.77441001E-01
 4.80000000E-04 4.48721865E-05 4.99999965E+00 9.99999633E-01 9.99999732E-01 8.77441000E-01
 4.90000000E-04 4.58070237E-05 4.99999964E+00 9.99999618E-01 9.99999721E-01 8.77440999E-01
 5.00000000E-04 4.67418610E-05 4.99999963E+00 9.99999602E-01 9.99999709E-01 8.77440998E-01
 5.10000000E-04 4.76766982E-05 4.99999961E+00 9.99999586E-01 9.99999698E-01 8.77440997E-01
 5.20000000E-04 4.86115354E-05 4.99999959E+00 9.99999570E-01 9.99999686E-01 8.77440995E-01
 5.30000000E-04 4.95463726E-05 4.99999958E+00 9.99999553E-01 9.99999674E-01 8.77440994E-01
 5.40000000E-04 5.04812098E-05 4.99999956E+00 9.99999536E-01 9.99999661E-01 8.77440993E-01
 5.50000000E-04 5.14160471E-05 4.99999955E+00 9.99999518E-01 9.99999648E-01 8.77440992E-01
 5.60000000E-04 5.23508843E-05 4.99999953E+00 9.99999501E-01 9.99999636E-01 8.77440991E-01
 5.70000000E-04 5.32857215E-05 4.99999951E+00 9.99999483E-01 9.99999622E-01 8.77440990E-01
 5.80000000E-04 5.42205587E-05 4.99999950E+00 9.99999464E-01 9.99999609E-01 8.77440989E-01
 5.90000000E-04 5.51553959E-05 4.99999948E+00 9.99999446E-01 9.99999595E-01 8.77440987E-01
 6.00000000E-04 5.60902332E-05 4.99999946E+00 9.99999427E-01 9.99999582E-01 8.77440986E-01
 6.10000000E-04 5.70250704E-05 4.99999944E+00 9.99999408E-01 9.99999568E-01 8.77440985E-01
 6.20000000E-04 5.79599076E-05 4.99999942E+00 9.99999388E-01 9.99999553E-01 8.77440984E-01
 6.30000000E-04 5.88947448E-05 4.99999940E+00 9.99999368E-01 9.99999539E-01 8.77440982E-01
 6.40000000E-04 5.98295820E-05 4.99999939E+00 9.99999348E-01 9.99999524E-01 8.77440981E-01
 6.50000000E-04 6.07644193E-05 4.99999937E+00 9.99999327E-01 9.99999509E-01 8.77440980E-01
 6.60000000E-04 6.16992565E-05 4.99999935E+00 9.99999307E-01 9.99999494E-01 8.77440978E-01
 6.70000000E-04 6.26340937E-05 4.99999933E+00 9.99999285E-01 9.99999478E-01 8.77440977E-01
 6.80000000E-04 6.35689309E-05 4.99999931E+00 9.99999264E-01 9.99999463E-01 8.77440976E-01
 6.90000000E-04 6.45037681E-05 4.99999929E+00 9.99999242E-01 9.99999447E-01 8.77440974E-01
 7.00000000E-04 6.54386053E-05 4.99999927E+00 9.99999220E-01 9.99999430E-01 8.77440973E-01
 7.10000000E-04 6.63734426E-05 4.99999924E+00 9.99999198E-01 9.99999414E-01 8.77440971E-01
 7.20000000E-04 6.73082798E-05 4.99999922E+00 9.99999175E-01 9.99999397E-01 8.77440970E-01
 7.30000000E-04 6.82431170E-05 4.99999920E+00 9.99999152E-01 9.99999381E-01 8.77440968E-01
 7.40000000E-04 6.91779542E-05 4.99999918E+00 9.99999128E-01 9.99999364E-01 8.77440967E-01
 7.50000000E-04 7.01127914E-05 4.99999916E+00 9.99999105E-01 9.99999346E-01 8.77440965E-01
 7.60000000E-04 7.10476287E-05 4.99999913E+00 9.99999081E-01 9.99999329E-01 8.77440964E-01
 7.70000000E-04 7.19824659E-05 4.99999911E+00 9.99999056E-01 9.99999311E-01 8.77440962E-01
 7.80000000E-04 7.29173031E-05 4.99999909E+00 9.99999031E-01 9.99999293E-01 8.77440961E-01
 7.90000000E-04 7.38521403E-05 4.99999906E+00 9.99999006E-01 9.99999275E-01 8.77440959E-01
 8.00000000E-04 7.47869775E-05 4.99999904E+00 9.99998981E-01 9.99999256E-01 8.77440957E-01
 8.10000000E-04 7.57218148E-05 4.99999902E+00 9.99998956E-01 9.99999237E-01 8.77440956E-01
 8.20000000E-04 7.66566520E-05 4.99999899E+00 9.99998930E-01 9.99999218E-01 8.77440954E-01
 8.30000000E-04 7.75914892E-05 4.99999897E+00 9.99998903E-01 9.99999199E-01 8.77440952E-01
 8.40000000E-04 7.85263264E-05 4.99999894E+00 9.99998877E-01 9.99999180E-01 8.77440951E-01
 8.50000000E-04 7.94611636E-05 4.99999892E+00 9.99998850E-01 9.99999160E-01 8.77440949E-01
 8.60000000E-04 8.03960009E-05 4.99999889E+00 9.99998823E-01 9.99999140E-01 8.77440947E-01
 8.70000000E-04 8.13308381E-05 4.99999886E+00 9.99998795E-01 9.99999120E-01 8.77440945E-01
 8.80000000E-04 8.22656753E-05 4.99999884E+00 9.99998767E-01 9.99999100E-01 8.77440943E-01
 8.90000000E-04 8.32005125E-05 4.99999881E+00 9.99998739E-01 9.99999079E-01 8.77440942E-01
 9.00000000E-04 8.41353497E-05 4.99999879E+00 9.99998711E-01 9.99999059E-01 8.77440940E-01
 9.10000000E-04 8.50701870E-05 4.99999876E+00 9.99998682E-01 9.99999037E-01 8.77440938E-01
 9.20000000E-04 8.60050242E-05 4.99999873E+00 9.99998653E-01 9.99999016E-01 8.77440936E-01
 9.30000000E-04 8.69398614E-05 4.99999870E+00 9.99998623E-01 9.99998995E-01 8.77440934E-01
 9.40000000E-04 8.78746986E-05 4.99999867E+00 9.99998593E-01 9.99998973E-01 8.77440932E-01
 9.50000000E-04 8.88095358E-05 4.99999865E+00 9.99998563E-01 9.99998951E-01 8.77440930E-01
 9.60000000E-04 8.97443730E-05 4.99999862E+00 9.99998533E-01 9.99998929E-01 8.77440928E-01
 9.70000000E-04 9.06792103E-05 4.99999859E+00 9.99998502E-01 9.99998906E-01 8.77440926E-01
 9.80000000E-04 9.16140475E-05 4.99999856E+00 9.99998471E-01 9.99998884E-01 8.77440924E-01
 9.90000000E-04 9.25488847E-05 4.99999853E+00 9.99998440E-01 9.99998861E-01 8.77440922E-01
 1.00000000E-03 9.34837219E-05 4.99999850E+00 9.99998408E-01 9.99998838E-01 8.77440920E-01
 1.15000000E-03 1.07506280E-04 4.99999802E+00 9.99997895E-01 9.99998463E-01 8.77440887E-01
 1.30000000E-03 1.21528839E-04 4.99999747E+00 9.99997310E-01 9.99998036E-01 8.77440849E-01
 1.40000000E-03 1.30877211E-04 4.99999706E+00 9.99996880E-01 9.99997722E-01 8.77440821E-01
 1.50000000E-03 1.40225583E-04 4.99999663E+00 9.99996418E-01 9.99997385E-01 8.77440791E-01
 1.60000000E-03 1.49573955E-04 4.99999616E+00 9.99995925E-01 9.99997024E-01 8.77440759E-01
 1.70000000E-03 1.58922327E-04 4.99999567E+00 9.99995399E-01 9.99996641E-01 8.77440725E-01
 1.80000000E-03 1.68270699E-04 4.99999514E+00 9.99994842E-01 9.99996234E-01 8.77440689E-01
 1.90000000E-03 1.77619072E-04 4.99999459E+00 9.99994253E-01 9.99995804E-01 8.77440651E-01
 2.00000000E-03 1.86967444E-04 4.99999400E+00 9.99993632E-01 9.99995351E-01 8.77440611E-01
 2.10000000E-03 1.96315816E-04 4.99999339E+00 9.99992980E-01 9.99994874E-01 8.77440568E-01
 2.20000000E-03 2.05664188E-04 4.99999274E+00 9.99992295E-01 9.99994374E-01 8.77440524E-01
 2.30000000E-03 2.15012560E-04 4.99999207E+00 9.99991579E-01 9.99993851E-01 8.77440478E-01
 2.40000000E-03 2.24360933E-04 4.99999136E+00 9.99990831E-01 9.99993305E-01 8.77440429E-01
 2.50000000E-03 2.33709305E-04 4.99999063E+00 9.99990051E-01 9.99992736E-01 8.77440378E-01
 2.60000000E-03 2.43057677E-04 4.99998986E+00 9.99989239E-01 9.99992143E-01 8.77440326E-01
 2.70000000E-03 2.52406049E-04 4.99998907E+00 9.99988395E-01 9.99991527E-01 8.77440271E-01
 2.80000000E-03 2.61754421E-04 4.99998824E+00 9.99987519E-01 9.99990887E-01 8.77440214E-01
 2.90000000E-03 2.71102794E-04 4.99998739E+00 9.99986612E-01 9.99990225E-01 8.77440156E-01
 3.00000000E-03 2.80451166E-04 4.99998650E+00 9.99985673E-01 9.99989539E-01 8.77440095E-01
 3.10000000E-03 2.89799538E-04 4.99998559E+00 9.99984702E-01 9.99988830E-01 8.77440032E-01
 3.20000000E-03 2.99147910E-04 4.99998464E+00 9.99983699E-01 9.99988098E-01 8.77439967E-01
 3.30000000E-03 3.08496282E-04 4.99998367E+00 9.99982664E-01 9.99987342E-01 8.77439900E-01
 3.40000000E-03 3.17844655E-04 4.99998266E+00 9.99981598E-01 9.99986564E-01 8.77439831E-01
 3.50000000E-03 3.27193027E-04 4.99998163E+00 9.99980499E-01 9.99985762E-01 8.77439759E-01
 3.60000000E-03 3.36541399E-04 4.99998056E+00 9.99979369E-01 9.99984937E-01 8.77439686E-01
 3.70000000E-03 3.45889771E-04 4.99997947E+00 9.99978207E-01 9.99984088E-01 8.77439611E-01
 3.80000000E-03 3.55238143E-04 4.99997834E+00 9.99977013E-01 9.99983216E-01 8.77439533E-01
 3.90000000E-03 3.64586516E-04 4.99997719E+00 9.99975787E-01 9.99982321E-01 8.77439454E-01
 4.00000000E-03 3.73934888E-04 4.99997600E+00 9.99974530E-01 9.99981403E-01 8.77439372E-01
 4.10000000E-03 3.83283260E-04 4.99997479E+00 9.99973240E-01 9.99980462E-01 8.77439289E-01
 4.20000000E-03 3.92631632E-04 4.99997354E+00 9.99971919E-01 9.99979497E-01 8.77439203E-01
 4.30000000E-03 4.01980004E-04 4.99997227E+00 9.99970566E-01 9.99978509E-01 8.77439116E-01
 4.40000000E-03 4.11328376E-04 4.99997096E+00 9.99969181E-01 9.99977498E-01 8.77439026E-01
 4.50000000E-03 4.20676749E-04 4.99996963E+00 9.99967764E-01 9.99976464E-01 8.77438934E-01
 4.60000000E-03 4.30025121E-04 4.99996826E+00 9.99966316E-01 9.99975406E-01 8.77438840E-01
 4.70000000E-03 4.39373493E-04 4.99996687E+00 9.99964835E-01 9.99974325E-01 8.77438744E-01
 4.80000000E-03 4.48721865E-04 4.99996544E+00 9.99963323E-01 9.99973221E-01 8.77438646E-01
 4.90000000E-03 4.58070237E-04 4.99996399E+00 9.99961779E-01 9.99972093E-01 8.77438546E-01
 5.00000000E-03 4.67418610E-04 4.99996250E+00 9.99960203E-01 9.99970943E-01 8.77438444E-01
 5.10000000E-03 4.76766982E-04 4.99996099E+00 9.99958596E-01 9.99969769E-01 8.77438340E-01
 5.20000000E-03 4.86115354E-04 4.99995944E+00 9.99956956E-01 9.99968572E-01 8.77438233E-01
 5.30000000E-03 4.95463726E-04 4.99995787E+00 9.99955285E-01 9.99967351E-01 8.77438125E-01
 5.40000000E-03 5.04812098E-04 4.99995626E+00 9.99953581E-01 9.99966108E-01 8.77438015E-01
 5.50000000E-03 5.14160471E-04 4.99995463E+00 9.99951846E-01 9.99964841E-01 8.77437902E-01
 5.60000000E-03 5.23508843E-04 4.99995296E+00 9.99950079E-01 9.99963551E-01 8.77437788E-01
 5.70000000E-03 5.32857215E-04 4.99995127E+00 9.99948281E-01 9.99962237E-01 8.77437671E-01
 5.80000000E-03 5.42205587E-04 4.99994954E+00 9.99946450E-01 9.99960901E-01 8.77437552E-01
 5.90000000E-03 5.51553959E-04 4.99994779E+00 9.99944588E-01 9.99959541E-01 8.77437432E-01
 6.00000000E-03 5.60902332E-04 4.99994600E+00 9.99942693E-01 9.99958158E-01 8.77437309E-01
 6.10000000E-03 5.70250704E-04 4.99994419E+00 9.99940767E-01 9.99956752E-01 8.77437184E-01
 6.20000000E-03 5.79599076E-04 4.99994234E+00 9.99938810E-01 9.99955322E-01 8.77437057E-01
 6.30000000E-03 5.88947448E-04 4.99994047E+00 9.99936820E-01 9.99953869E-01 8.77436928E-01
 6.40000000E-03 5.98295820E-04 4.99993856E+00 9.99934798E-01 9.99952393E-01 8.77436797E-01
 6.50000000E-03 6.07644193E-04 4.99993663E+00 9.99932745E-01 9.99950894E-01 8.77436664E-01
 6.60000000E-03 6.16992565E-04 4.99993466E+00 9.99930660E-01 9.99949371E-01 8.77436529E-01
 6.70000000E-03 6.26340937E-04 4.99993267E+00 9.99928543E-01 9.99947826E-01 8.77436391E-01
 6.80000000E-03 6.35689309E-04 4.99993064E+00 9.99926394E-01 9.99946257E-01 8.77436252E-01
 6.90000000E-03 6.45037681E-04 4.99992859E+00 9.99924213E-01 9.99944664E-01 8.77436111E-01
 7.00000000E-03 6.54386053E-04 4.99992650E+00 9.99922001E-01 9.99943049E-01 8.77435967E-01
 7.10000000E-03 6.63734426E-04 4.99992439E+00 9.99919756E-01 9.99941410E-01 8.77435822E-01
 7.20000000E-03 6.73082798E-04 4.99992224E+00 9.99917480E-01 9.99939748E-01 8.77435674E-01
 7.30000000E-03 6.82431170E-04 4.99992007E+00 9.99915172E-01 9.99938063E-01 8.77435525E-01
 7.40000000E-03 6.91779542E-04 4.99991786E+00 9.99912832E-01 9.99936354E-01 8.77435373E-01
 7.50000000E-03 7.01127914E-04 4.99991563E+00 9.99910461E-01 9.99934623E-01 8.77435219E-01
 7.60000000E-03 7.10476287E-04 4.99991336E+00 9.99908057E-01 9.99932868E-01 8.77435063E-01
 7.70000000E-03 7.19824659E-04 4.99991107E+00 9.99905622E-01 9.99931090E-01 8.77434906E-01
 7.80000000E-03 7.29173031E-04 4.99990874E+00 9.99903155E-01 9.99929288E-01 8.77434746E-01
 7.90000000E-03 7.38521403E-04 4.99990639E+00 9.99900656E-01 9.99927463E-01 8.77434584E-01
 8.00000000E-03 7.47869775E-04 4.99990400E+00 9.99898125E-01 9.99925615E-01 8.77434420E-01
 8.10000000E-03 7.57218148E-04 4.99990159E+00 9.99895563E-01 9.99923744E-01 8.77434254E-01
 8.20000000E-03 7.66566520E-04 4.99989914E+00 9.99892968E-01 9.99921850E-01 8.77434085E-01
 8.30000000E-03 7.75914892E-04 4.99989667E+00 9.99890342E-01 9.99919932E-01 8.77433915E-01
 8.40000000E-03 7.85263264E-04 4.99989416E+00 9.99887684E-01 9.99917991E-01 8.77433743E-01
 8.50000000E-03 7.94611636E-04 4.99989163E+00 9.99884994E-01 9.99916027E-01 8.77433568E-01
 8.60000000E-03 8.03960009E-04 4.99988906E+00 9.99882272E-01 9.99914040E-01 8.77433392E-01
 8.70000000E-03 8.13308381E-04 4.99988647E+00 9.99879519E-01 9.99912029E-01 8.77433213E-01
 8.80000000E-03 8.22656753E-04 4.99988384E+00 9.99876734E-01 9.99909995E-01 8.77433033E-01
 8.90000000E-03 8.32005125E-04 4.99988119E+00 9.99873916E-01 9.99907938E-01 8.77432850E-01
 9.00000000E-03 8.41353497E-04 4.99987850E+00 9.99871067E-01 9.99905857E-01 8.77432666E-01
 9.10000000E-03 8.50701870E-04 4.99987579E+00 9.99868187E-01 9.99903753E-01 8.77432479E-01
 9.20000000E-03 8.60050242E-04 4.99987305E+00 9.99865274E-01 9.99901626E-01 8.77432290E-01
 9.30000000E-03 8.69398614E-04 4.99987027E+00 9.99862330E-01 9.99899476E-01 8.77432099E-01
 9.40000000E-03 8.78746986E-04 4.99986747E+00 9.99859353E-01 9.99897302E-01 8.77431906E-01
 9.50000000E-03 8.88095358E-04 4.99986463E+00 9.99856345E-01 9.99895105E-01 8.77431711E-01
 9.60000000E-03 8.97443730E-04 4.99986177E+00 9.99853305E-01 9.99892884E-01 8.77431514E-01
 9.70000000E-03 9.06792103E-04 4.99985887E+00 9.99850234E-01 9.99890640E-01 8.77431315E-01
 9.80000000E-03 9.16140475E-04 4.99985595E+00 9.99847130E-01 9.99888372E-01 8.77431114E-01
 9.90000000E-03 9.25488847E-04 4.99985299E+00 9.99843995E-01 9.99886079E-01 8.77430910E-01
 1.00000000E-02 9.34837219E-04 4.99985001E+00 9.99840828E-01 9.99883750E-01 8.77430705E-01
 1.10000000E-02 1.02832094E-03 4.99981851E+00 9.99807407E-01 9.99859343E-01 8.77428538E-01
 1.20000000E-02 1.12180466E-03 4.99978401E+00 9.99770805E-01 9.99832613E-01 8.77426165E-01
 1.30000000E-02 1.21528839E-03 4.99974652E+00 9.99731022E-01 9.99803560E-01 8.77423586E-01
 1.40000000E-02 1.30877211E-03 4.99970603E+00 9.99688060E-01 9.99772185E-01 8.77420800E-01
 1.50000000E-02 1.40225583E-03 4.99966254E+00 9.99641918E-01 9.99738488E-01 8.77417807E-01
 1.60000000E-02 1.49573955E-03 4.99961605E+00 9.99592598E-01 9.99702469E-01 8.77414609E-01
 1.70000000E-02 1.58922327E-03 4.99956656E+00 9.99540100E-01 9.99664129E-01 8.77411204E-01
 1.80000000E-02 1.68270699E-03 4.99951408E+00 9.99484425E-01 9.99623469E-01 8.77407593E-01
 1.90000000E-02 1.77619072E-03 4.99945859E+00 9.99425574E-01 9.99580488E-01 8.77403775E-01
 2.00000000E-02 1.86967444E-03 4.99940011E+00 9.99363548E-01 9.99535188E-01 8.77399752E-01
 2.10000000E-02 1.96315816E-03 4.99933864E+00 9.99298348E-01 9.99487569E-01 8.77395521E-01
 2.20000000E-02 2.05664188E-03 4.99927417E+00 9.99229973E-01 9.99437631E-01 8.77391085E-01
 2.30000000E-02 2.15012560E-03 4.99920670E+00 9.99158427E-01 9.99385375E-01 8.77386442E-01
 2.40000000E-02 2.24360933E-03 4.99913624E+00 9.99083709E-01 9.99330802E-01 8.77381593E-01
 2.50000000E-02 2.33709305E-03 4.99906278E+00 9.99005821E-01 9.99273912E-01 8.77376538E-01
 2.60000000E-02 2.43057677E-03 4.99898633E+00 9.98924764E-01 9.99214706E-01 8.77371277E-01
 2.70000000E-02 2.52406049E-03 4.99890688E+00 9.98840540E-01 9.99153186E-01 8.77365809E-01
 2.80000000E-02 2.61754421E-03 4.99882444E+00 9.98753148E-01 9.99089350E-01 8.77360135E-01
 2.90000000E-02 2.71102794E-03 4.99873901E+00 9.98662591E-01 9.99023201E-01 8.77354254E-01
 3.00000000E-02 2.80451166E-03 4.99865058E+00 9.98568871E-01 9.98954739E-01 8.77348168E-01
 3.10000000E-02 2.89799538E-03 4.99855916E+00 9.98471987E-01 9.98883965E-01 8.77341875E-01
 3.20000000E-02 2.99147910E-03 4.99846475E+00 9.98371943E-01 9.98810879E-01 8.77335376E-01
 3.30000000E-02 3.08496282E-03 4.99836735E+00 9.98268739E-01 9.98735484E-01 8.77328671E-01
 3.40000000E-02 3.17844655E-03 4.99826696E+00 9.98162377E-01 9.98657778E-01 8.77321759E-01
 3.50000000E-02 3.27193027E-03 4.99816357E+00 9.98052858E-01 9.98577764E-01 8.77314642E-01
 3.60000000E-02 3.36541399E-03 4.99805720E+00 9.97940185E-01 9.98495443E-01 8.77307318E-01
 3.70000000E-02 3.45889771E-03 4.99794784E+00 9.97824358E-01 9.98410815E-01 8.77299788E-01
 3.80000000E-02 3.55238143E-03 4.99783549E+00 9.97705380E-01 9.98323881E-01 8.77292052E-01
 3.90000000E-02 3.64586516E-03 4.99772016E+00 9.97583252E-01 9.98234642E-01 8.77284110E-01
 4.00000000E-02 3.73934888E-03 4.99760183E+00 9.97457976E-01 9.98143100E-01 8.77275962E-01
 4.10000000E-02 3.83283260E-03 4.99748052E+00 9.97329554E-01 9.98049256E-01 8.77267607E-01
 4.20000000E-02 3.92631632E-03 4.99735623E+00 9.97197988E-01 9.97953110E-01 8.77259047E-01
 4.30000000E-02 4.01980004E-03 4.99722895E+00 9.97063279E-01 9.97854664E-01 8.77250280E-01
 4.40000000E-02 4.11328376E-03 4.99709868E+00 9.96925430E-01 9.97753919E-01 8.77241307E-01
 4.50000000E-02 4.20676749E-03 4.99696543E+00 9.96784443E-01 9.97650877E-01 8.77232128E-01
 4.60000000E-02 4.30025121E-03 4.99682920E+00 9.96640320E-01 9.97545537E-01 8.77222744E-01
 4.70000000E-02 4.39373493E-03 4.99668999E+00 9.96493063E-01 9.97437902E-01 8.77213153E-01
 4.80000000E-02 4.48721865E-03 4.99654780E+00 9.96342675E-01 9.97327973E-01 8.77203356E-01
 4.90000000E-02 4.58070237E-03 4.99640262E+00 9.96189156E-01 9.97215751E-01 8.77193353E-01
 5.00000000E-02 4.67418610E-03 4.99625447E+00 9.96032510E-01 9.97101238E-01 8.77183144E-01
 5.10000000E-02 4.76766982E-03 4.99610334E+00 9.95872740E-01 9.96984434E-01 8.77172729E-01
 5.20000000E-02 4.86115354E-03 4.99594923E+00 9.95709846E-01 9.96865342E-01 8.77162108E-01
 5.30000000E-02 4.95463726E-03 4.99579214E+00 9.95543833E-01 9.96743962E-01 8.77151282E-01
 5.40000000E-02 5.04812098E-03 4.99563208E+00 9.95374701E-01 9.96620296E-01 8.77140249E-01
 5.50000000E-02 5.14160471E-03 4.99546904E+00 9.95202455E-01 9.96494345E-01 8.77129010E-01
 5.60000000E-02 5.23508843E-03 4.99530303E+00 9.95027095E-01 9.96366111E-01 8.77117566E-01
 5.70000000E-02 5.32857215E-03 4.99513405E+00 9.94848625E-01 9.96235596E-01 8.77105915E-01
 5.80000000E-02 5.42205587E-03 4.99496209E+00 9.94667048E-01 9.96102800E-01 8.77094059E-01
 5.90000000E-02 5.51553959E-03 4.99478716E+00 9.94482366E-01 9.95967726E-01 8.77081997E-01
 6.00000000E-02 5.60902332E-03 4.99460926E+00 9.94294582E-01 9.95830374E-01 8.77069729E-01
 6.10000000E-02 5.70250704E-03 4.99442840E+00 9.94103699E-01 9.95690746E-01 8.77057256E-01
 6.20000000E-02 5.79599076E-03 4.99424456E+00 9.93909719E-01 9.95548845E-01 8.77044576E-01
 6.30000000E-02 5.88947448E-03 4.99405776E+00 9.93712645E-01 9.95404671E-01 8.77031691E-01
 6.40000000E-02 5.98295820E-03 4.99386799E+00 9.93512480E-01 9.95258226E-01 8.77018600E-01
 6.50000000E-02 6.07644193E-03 4.99367526E+00 9.93309228E-01 9.95109512E-01 8.77005303E-01
 6.60000000E-02 6.16992565E-03 4.99347956E+00 9.93102890E-01 9.94958530E-01 8.76991801E-01
 6.70000000E-02 6.26340937E-03 4.99328090E+00 9.92893471E-01 9.94805282E-01 8.76978093E-01
 6.80000000E-02 6.35689309E-03 4.99307928E+00 9.92680973E-01 9.94649770E-01 8.76964179E-01
 6.90000000E-02 6.45037681E-03 4.99287469E+00 9.92465399E-01 9.94491995E-01 8.76950060E-01
 7.00000000E-02 6.54386053E-03 4.99266715E+00 9.92246753E-01 9.94331959E-01 8.76935735E-01
 7.10000000E-02 6.63734426E-03 4.99245665E+00 9.92025038E-01 9.94169663E-01 8.76921204E-01
 7.20000000E-02 6.73082798E-03 4.99224319E+00 9.91800256E-01 9.94005110E-01 8.76906468E-01
 7.30000000E-02 6.82431170E-03 4.99202678E+00 9.91572412E-01 9.93838300E-01 8.76891527E-01
 7.40000000E-02 6.91779542E-03 4.99180741E+00 9.91341508E-01 9.93669236E-01 8.76876379E-01
 7.50000000E-02 7.01127914E-03 4.99158509E+00 9.91107549E-01 9.93497918E-01 8.76861027E-01
 7.60000000E-02 7.10476287E-03 4.99135982E+00 9.90870536E-01 9.93324349E-01 8.76845468E-01
 7.70000000E-02 7.19824659E-03 4.99113159E+00 9.90630475E-01 9.93148530E-01 8.76829705E-01
 7.80000000E-02 7.29173031E-03 4.99090042E+00 9.90387368E-01 9.92970462E-01 8.76813736E-01
 7.90000000E-02 7.38521403E-03 4.99066630E+00 9.90141218E-01 9.92790147E-01 8.76797561E-01
 8.00000000E-02 7.47869775E-03 4.99042923E+00 9.89892031E-01 9.92607586E-01 8.76781181E-01
 8.10000000E-02 7.57218148E-03 4.99018922E+00 9.89639808E-01 9.92422780E-01 8.76764596E-01
 8.20000000E-02 7.66566520E-03 4.98994626E+00 9.89384554E-01 9.92235730E-01 8.76747806E-01
 8.30000000E-02 7.75914892E-03 4.98970036E+00 9.89126273E-01 9.92046437E-01 8.76730810E-01
 8.40000000E-02 7.85263264E-03 4.98945152E+00 9.88864968E-01 9.91854901E-01 8.76713609E-01
 8.50000000E-02 7.94611636E-03 4.98919974E+00 9.88600644E-01 9.91661122E-01 8.76696202E-01
 8.60000000E-02 8.03960009E-03 4.98894502E+00 9.88333303E-01 9.91465101E-01 8.76678591E-01
 8.70000000E-02 8.13308381E-03 4.98868736E+00 9.88062950E-01 9.91266835E-01 8.76660774E-01
 8.80000000E-02 8.22656753E-03 4.98842676E+00 9.87789589E-01 9.91066323E-01 8.76642752E-01
 8.90000000E-02 8.32005125E-03 4.98816324E+00 9.87513223E-01 9.90863563E-01 8.76624525E-01
 9.00000000E-02 8.41353497E-03 4.98789678E+00 9.87233858E-01 9.90658548E-01 8.76606093E-01
 9.10000000E-02 8.50701870E-03 4.98762739E+00 9.86951496E-01 9.90451273E-01 8.76587455E-01
 9.20000000E-02 8.60050242E-03 4.98735506E+00 9.86666142E-01 9.90241726E-01 8.76568613E-01
 9.30000000E-02 8.69398614E-03 4.98707982E+00 9.86377800E-01 9.90029891E-01 8.76549566E-01
 9.40000000E-02 8.78746986E-03 4.98680164E+00 9.86086475E-01 9.89815743E-01 8.76530313E-01
 9.50000000E-02 8.88095358E-03 4.98652054E+00 9.85792170E-01 9.89599239E-01 8.76510856E-01
 9.60000000E-02 8.97443730E-03 4.98623651E+00 9.85494889E-01 9.89380309E-01 8.76491193E-01
 9.70000000E-02 9.06792103E-03 4.98594957E+00 9.85194638E-01 9.89158816E-01 8.76471326E-01
 9.80000000E-02 9.16140475E-03 4.98565970E+00 9.84891420E-01 9.88934461E-01 8.76451254E-01
 9.90000000E-02 9.25488847E-03 4.98536692E+00 9.84585240E-01 9.88706368E-01 8.76430977E-01
 1.00000000E-01 9.34837219E-03 4.98507122E+00 9.84276102E-01 9.88463623E-01 8.76410495E-01
 1.10000000E-01 1.02832094E-02 4.98195414E+00 9.81023041E-01 9.86073063E-01 8.76194420E-01
 1.20000000E-01 1.12180466E-02 4.97854729E+00 9.77479353E-01 9.83466674E-01 8.75957899E-01
 1.30000000E-01 1.21528839E-02 4.97485258E+00 9.73650096E-01 9.80647534E-01 8.75700969E-01
 1.40000000E-01 1.30877211E-02 4.97087205E+00 9.69540697E-01 9.77618948E-01 8.75423670E-01
 1.50000000E-01 1.40225583E-02 4.96660791E+00 9.65156932E-01 9.74384439E-01 8.75126044E-01
 1.60000000E-01 1.49573955E-02 4.96206249E+00 9.60504908E-01 9.70947735E-01 8.74808138E-01
 1.70000000E-01 1.58922327E-02 4.95723829E+00 9.55591045E-01 9.67312766E-01 8.74469999E-01
 1.80000000E-01 1.68270699E-02 4.95213792E+00 9.50422057E-01 9.63483648E-01 8.74111681E-01
 1.90000000E-01 1.77619072E-02 4.94676412E+00 9.45004933E-01 9.59464675E-01 8.73733238E-01
 2.00000000E-01 1.86967444E-02 4.94111979E+00 9.39346911E-01 9.55260308E-01 8.73334728E-01
 2.10000000E-01 1.96315816E-02 4.93520791E+00 9.33455465E-01 9.50875162E-01 8.72916214E-01
 2.20000000E-01 2.05664188E-02 4.92903162E+00 9.27338277E-01 9.46313995E-01 8.72477759E-01
 2.30000000E-01 2.15012560E-02 4.92259413E+00 9.21003221E-01 9.41581699E-01 8.72019431E-01
 2.40000000E-01 2.24360933E-02 4.91589878E+00 9.14458337E-01 9.36683285E-01 8.71541300E-01
 2.50000000E-01 2.33709305E-02 4.90894903E+00 9.07711811E-01 9.31623871E-01 8.71043441E-01
 2.60000000E-01 2.43057677E-02 4.90174841E+00 9.00771957E-01 9.26408674E-01 8.70525931E-01
 2.70000000E-01 2.52406049E-02 4.89430055E+00 8.93647190E-01 9.21042994E-01 8.69988848E-01
 2.80000000E-01 2.61754421E-02 4.88660917E+00 8.86346008E-01 9.15532204E-01 8.69432275E-01
 2.90000000E-01 2.71102794E-02 4.87867808E+00 8.78876974E-01 9.09881740E-01 8.68856300E-01
 3.00000000E-01 2.80451166E-02 4.87051116E+00 8.71248690E-01 9.04097085E-01 8.68261009E-01
 3.10000000E-01 2.89799538E-02 4.86211235E+00 8.63469782E-01 8.98183764E-01 8.67646495E-01
 3.20000000E-01 2.99147910E-02 4.85348568E+00 8.55548879E-01 8.92147327E-01 8.67012853E-01
 3.30000000E-01 3.08496282E-02 4.84463522E+00 8.47494595E-01 8.85993342E-01 8.66360180E-01
 3.40000000E-01 3.17844655E-02 4.83556511E+00 8.39315512E-01 8.79727382E-01 8.65688576E-01
 3.50000000E-01 3.27193027E-02 4.82627953E+00 8.31020160E-01 8.73355018E-01 8.64998145E-01
 3.60000000E-01 3.36541399E-02 4.81678272E+00 8.22617004E-01 8.66881807E-01 8.64288993E-01
 3.70000000E-01 3.45889771E-02 4.80707895E+00 8.14114427E-01 8.60313282E-01 8.63561229E-01
 3.80000000E-01 3.55238143E-02 4.79717252E+00 8.05520714E-01 8.53654944E-01 8.62814963E-01
 3.90000000E-01 3.64586516E-02 4.78706777E+00 7.96844042E-01 8.46912253E-01 8.62050312E-01
 4.00000000E-01 3.73934888E-02 4.77676907E+00 7.88092462E-01 8.40090622E-01 8.61267391E-01
 4.10000000E-01 3.83283260E-02 4.76628080E+00 7.79273891E-01 8.33195404E-01 8.60466320E-01
 4.20000000E-01 3.92631632E-02 4.75560735E+00 7.70396098E-01 8.26231890E-01 8.59647222E-01
 4.30000000E-01 4.01980004E-02 4.74475315E+00 7.61466695E-01 8.19205298E-01 8.58810221E-01
 4.40000000E-01 4.11328376E-02 4.73372261E+00 7.52493128E-01 8.12120772E-01 8.57955446E-01
 4.50000000E-01 4.20676749E-02 4.72252015E+00 7.43482666E-01 8.04983367E-01 8.57083025E-01
 4.60000000E-01 4.30025121E-02 4.71115021E+00 7.34442397E-01 7.97798054E-01 8.56193091E-01
 4.70000000E-01 4.39373493E-02 4.69961718E+00 7.25379218E-01 7.90569705E-01 8.55285779E-01
 4.80000000E-01 4.48721865E-02 4.68792549E+00 7.16299831E-01 7.83303096E-01 8.54361226E-01
 4.90000000E-01 4.58070237E-02 4.67607952E+00 7.07210735E-01 7.76002898E-01 8.53419571E-01
 5.00000000E-01 4.67418610E-02 4.66408366E+00 6.98118225E-01 7.68673676E-01 8.52460955E-01
 5.10000000E-01 4.76766982E-02 4.65194227E+00 6.89028388E-01 7.61319882E-01 8.51485523E-01
 5.20000000E-01 4.86115354E-02 4.63965968E+00 6.79947095E-01 7.53945858E-01 8.50493421E-01
 5.30000000E-01 4.95463726E-02 4.62724020E+00 6.70880008E-01 7.46555827E-01 8.49484795E-01
 5.40000000E-01 5.04812098E-02 4.61468812E+00 6.61832569E-01 7.39153893E-01 8.48459797E-01
 5.50000000E-01 5.14160471E-02 4.60200767E+00 6.52810005E-01 7.31744041E-01 8.47418579E-01
 5.60000000E-01 5.23508843E-02 4.58920309E+00 6.43817327E-01 7.24330134E-01 8.46361293E-01
 5.70000000E-01 5.32857215E-02 4.57627854E+00 6.34859329E-01 7.16915912E-01 8.45288096E-01
 5.80000000E-01 5.42205587E-02 4.56323816E+00 6.25940588E-01 7.09504990E-01 8.44199145E-01
 5.90000000E-01 5.51553959E-02 4.55008605E+00 6.17065469E-01 7.02100859E-01 8.43094599E-01
 6.00000000E-01 5.60902332E-02 4.53682626E+00 6.08238124E-01 6.94706885E-01 8.41974620E-01
 6.10000000E-01 5.70250704E-02 4.52346280E+00 5.99462493E-01 6.87326310E-01 8.40839369E-01
 6.20000000E-01 5.79599076E-02 4.50999961E+00 5.90742311E-01 6.79962250E-01 8.39689010E-01
 6.30000000E-01 5.88947448E-02 4.49644062E+00 5.82081108E-01 6.72617698E-01 8.38523710E-01
 6.40000000E-01 5.98295820E-02 4.48278967E+00 5.73482214E-01 6.65295524E-01 8.37343634E-01
 6.50000000E-01 6.07644193E-02 4.46905058E+00 5.64948759E-01 6.57998472E-01 8.36148951E-01
 6.60000000E-01 6.16992565E-02 4.45522708E+00 5.56483684E-01 6.50729170E-01 8.34939830E-01
 6.70000000E-01 6.26340937E-02 4.44132288E+00 5.48089738E-01 6.43490120E-01 8.33716442E-01
 6.80000000E-01 6.35689309E-02 4.42734161E+00 5.39769488E-01 6.36283710E-01 8.32478959E-01
 6.90000000E-01 6.45037681E-02 4.41328686E+00 5.31525318E-01 6.29112206E-01 8.31227552E-01
 7.00000000E-01 6.54386053E-02 4.39916214E+00 5.23359440E-01 6.21977761E-01 8.29962397E-01
 7.10000000E-01 6.63734426E-02 4.38497093E+00 5.15273895E-01 6.14882412E-01 8.28683668E-01
 7.20000000E-01 6.73082798E-02 4.37071662E+00 5.07270558E-01 6.07828082E-01 8.27391540E-01
 7.30000000E-01 6.82431170E-02 4.35640256E+00 4.99351147E-01 6.00816584E-01 8.26086189E-01
 7.40000000E-01 6.91779542E-02 4.34203204E+00 4.91517223E-01 5.93849619E-01 8.24767794E-01
 7.50000000E-01 7.01127914E-02 4.32760827E+00 4.83770198E-01 5.86928781E-01 8.23436530E-01
 7.60000000E-01 7.10476287E-02 4.31313441E+00 4.76111341E-01 5.80055555E-01 8.22092578E-01
 7.70000000E-01 7.19824659E-02 4.29861358E+00 4.68541780E-01 5.73231318E-01 8.20736115E-01
 7.80000000E-01 7.29173031E-02 4.28404880E+00 4.61062513E-01 5.66457343E-01 8.19367322E-01
 7.90000000E-01 7.38521403E-02 4.26944305E+00 4.53674406E-01 5.59734792E-01 8.17986377E-01
 8.00000000E-01 7.47869775E-02 4.25479925E+00 4.46378205E-01 5.53064724E-01 8.16593461E-01
 8.10000000E-01 7.57218148E-02 4.24012025E+00 4.39174536E-01 5.46448084E-01 8.15188755E-01
 8.20000000E-01 7.66566520E-02 4.22540885E+00 4.32063915E-01 5.39885709E-01 8.13772438E-01
 8.30000000E-01 7.75914892E-02 4.21066777E+00 4.25046747E-01 5.33378315E-01 8.12344692E-01
 8.40000000E-01 7.85263264E-02 4.19589968E+00 4.18123336E-01 5.26926495E-01 8.10905697E-01
 8.50000000E-01 7.94611636E-02 4.18110720E+00 4.11293889E-01 5.20530704E-01 8.09455634E-01
 8.60000000E-01 8.03960009E-02 4.16629288E+00 4.04558519E-01 5.14191247E-01 8.07994685E-01
 8.70000000E-01 8.13308381E-02 4.15145920E+00 3.97917250E-01 5.07908253E-01 8.06523029E-01
 8.80000000E-01 8.22656753E-02 4.13660860E+00 3.91370025E-01 5.01681641E-01 8.05040848E-01
 8.90000000E-01 8.32005125E-02 4.12174345E+00 3.84916703E-01 4.95511066E-01 8.03548321E-01
 9.00000000E-01 8.41353497E-02 4.10686607E+00 3.78557073E-01 4.89395845E-01 8.02045629E-01
 9.10000000E-01 8.50701870E-02 4.09197870E+00 3.72290850E-01 4.83334826E-01 8.00532952E-01
 9.20000000E-01 8.60050242E-02 4.07708356E+00 3.66117683E-01 4.77326196E-01 7.99010469E-01
 9.30000000E-01 8.69398614E-02 4.06218279E+00 3.60037160E-01 4.71367132E-01 7.97478359E-01
 9.40000000E-01 8.78746986E-02 4.04727847E+00 3.54048808E-01 4.65453206E-01 7.95936801E-01
 9.50000000E-01 8.88095358E-02 4.03237263E+00 3.48152099E-01 4.59577220E-01 7.94385973E-01
 9.60000000E-01 8.97443730E-02 4.01746727E+00 3.42346456E-01 4.53726787E-01 7.92826053E-01
 9.70000000E-01 9.06792103E-02 4.00256429E+00 3.36631252E-01 4.47878534E-01 7.91257216E-01
 9.80000000E-01 9.16140475E-02 3.98766559E+00 3.31005814E-01 4.41981207E-01 7.89679640E-01
 9.90000000E-01 9.25488847E-02 3.97277297E+00 3.25469430E-01 4.35884882E-01 7.88093501E-01
 1.00000000E+00 9.34837219E-02 3.95788822E+00 3.20021349E-01 4.27729083E-01 7.86498972E-01
 1.11250000E+00 1.04000641E-01 3.79146286E+00 2.64553884E-01 3.71084675E-01 7.68034721E-01
 1.22500000E+00 1.14517559E-01 3.62824252E+00 2.18820013E-01 3.21884800E-01 7.48768645E-01
 1.33750000E+00 1.25034478E-01 3.46964563E+00 1.81358084E-01 2.79445264E-01 7.28920925E-01
 1.45000000E+00 1.35551397E-01 3.31659343E+00 1.50762831E-01 2.42976193E-01 7.08689313E-01
 1.56250000E+00 1.46068316E-01 3.16963277E+00 1.25786075E-01 2.11687662E-01 6.88247519E-01
 1.67500000E+00 1.56585234E-01 3.02903613E+00 1.05368288E-01 1.84845119E-01 6.67745155E-01
 1.78750000E+00 1.67102153E-01 2.89487964E+00 8.86342827E-02 1.61793967E-01 6.47308772E-01
 1.90000000E+00 1.77619072E-01 2.76710248E+00 7.48729836E-02 1.41968570E-01 6.27043585E-01
 2.01250000E+00 1.88135990E-01 2.64555103E+00 6.35122107E-02 1.25015783E-01 6.07035571E-01
 2.11250000E+00 1.97484363E-01 2.54255973E+00 5.50565325E-02 1.11750509E-01 5.89522680E-01
 2.21250000E+00 2.06832735E-01 2.44414343E+00 4.78744667E-02 1.00065007E-01 5.72306272E-01
 2.31250000E+00 2.16181107E-01 2.35011313E+00 4.17531319E-02 8.96565915E-02 5.55416873E-01
 2.42500000E+00 2.26698026E-01 2.24932805E+00 3.59184497E-02 7.94058496E-02 5.36836287E-01
 2.55000000E+00 2.38383491E-01 2.14322352E+00 3.05076584E-02 6.96292658E-02 5.16741053E-01
 2.67500000E+00 2.50068956E-01 2.04294082E+00 2.60138109E-02 6.11913107E-02 4.97245928E-01
 2.80000000E+00 2.61754421E-01 1.94811304E+00 2.22631925E-02 5.38853241E-02 4.78363399E-01
 2.92500000E+00 2.73439887E-01 1.85838990E+00 1.91182145E-02 4.75400450E-02 4.60098074E-01
 3.05000000E+00 2.85125352E-01 1.77344001E+00 1.64693420E-02 4.20130657E-02 4.42448328E-01
 3.17500000E+00 2.96810817E-01 1.69295193E+00 1.42289172E-02 3.71854940E-02 4.25407665E-01
 3.30000000E+00 3.08496282E-01 1.61663431E+00 1.23264215E-02 3.29574961E-02 4.08965843E-01
 3.42500000E+00 3.20181748E-01 1.54421552E+00 1.07048298E-02 2.92437952E-02 3.93109790E-01
 3.55000000E+00 3.31867213E-01 1.47544288E+00 9.31779395E-03 2.59294857E-02 3.77824348E-01
 3.70000000E+00 3.45889771E-01 1.39739939E+00 7.91015638E-03 2.25263198E-02 3.60211517E-01
 3.85000000E+00 3.59912329E-01 1.32389577E+00 6.73334831E-03 1.95953740E-02 3.43365762E-01
 4.00000000E+00 3.73934888E-01 1.25459086E+00 5.74546470E-03 1.71235241E-02 3.27255349E-01
 4.10000000E+00 3.83283260E-01 1.21056522E+00 5.17501019E-03 1.56186733E-02 3.16907709E-01
 4.20000000E+00 3.92631632E-01 1.16818112E+00 4.66526724E-03 1.42499783E-02 3.06863059E-01
 4.30000000E+00 4.01980004E-01 1.12735804E+00 4.20909396E-03 1.30040360E-02 2.97111945E-01
 4.40000000E+00 4.11328376E-01 1.08802015E+00 3.80028357E-03 1.18689213E-02 2.87645032E-01
 4.50000000E+00 4.20676749E-01 1.05009601E+00 3.43342914E-03 1.08340050E-02 2.78453136E-01
 4.60000000E+00 4.30025121E-01 1.01351829E+00 3.10380959E-03 9.88979564E-03 2.69527254E-01
 4.70000000E+00 4.39373493E-01 9.78223524E-01 2.80729358E-03 9.02780325E-03 2.60858582E-01
 4.80000000E+00 4.48721865E-01 9.44151855E-01 2.54025805E-03 8.24042109E-03 2.52438535E-01
 4.90000000E+00 4.58070237E-01 9.11246794E-01 2.29951911E-03 7.52082271E-03 2.44258752E-01
 5.00000000E+00 4.67418610E-01 8.79455013E-01 2.08227324E-03 6.86287245E-03 2.36311113E-01
 5.10000000E+00 4.76766982E-01 8.48726146E-01 1.88604708E-03 6.26104727E-03 2.28587735E-01
 5.20000000E+00 4.86115354E-01 8.19012593E-01 1.70865451E-03 5.71036837E-03 2.21080981E-01
 5.30000000E+00 4.95463726E-01 7.90269353E-01 1.54815981E-03 5.20634134E-03 2.13783459E-01
 5.40000000E+00 5.04812098E-01 7.62453853E-01 1.40284604E-03 4.74490357E-03 2.06688019E-01
 5.50000000E+00 5.14160471E-01 7.35525803E-01 1.27118776E-03 4.32237800E-03 1.99787751E-01
 5.60000000E+00 5.23508843E-01 7.09447049E-01 1.15182749E-03 3.93543236E-03 1.93075984E-01
 5.70000000E+00 5.32857215E-01 6.84181440E-01 1.04355535E-03 3.58104320E-03 1.86546280E-01
 5.80000000E+00 5.42205587E-01 6.59694712E-01 9.45291382E-04 3.25646412E-03 1.80192428E-01
 5.90000000E+00 5.51553959E-01 6.35954366E-01 8.56070219E-04 2.95919752E-03 1.74008440E-01
 6.00000000E+00 5.60902332E-01 6.12929563E-01 7.75027713E-04 2.68696966E-03 1.67988545E-01
 6.10000000E+00 5.70250704E-01 5.90591027E-01 7.01389281E-04 2.43770841E-03 1.62127181E-01
 6.20000000E+00 5.79599076E-01 5.68910949E-01 6.34459717E-04 2.20952347E-03 1.56418992E-01
 6.30000000E+00 5.88947448E-01 5.47862904E-01 5.73614273E-04 2.00068876E-03 1.50858818E-01
 6.40000000E+00 5.98295820E-01 5.27421764E-01 5.18290837E-04 1.80962670E-03 1.45441690E-01
 6.50000000E+00 6.07644193E-01 5.07563628E-01 4.67983059E-04 1.63489406E-03 1.40162825E-01
 6.60000000E+00 6.16992565E-01 4.88265752E-01 4.22234301E-04 1.47516948E-03 1.35017617E-01
 6.70000000E+00 6.26340937E-01 4.69506476E-01 3.80632307E-04 1.32924206E-03 1.30001633E-01
 6.80000000E+00 6.35689309E-01 4.51265172E-01 3.42804492E-04 1.19600132E-03 1.25110602E-01
 6.90000000E+00 6.45037681E-01 4.33522178E-01 3.08413783E-04 1.07442801E-03 1.20340416E-01
 7.00000000E+00 6.54386053E-01 4.16258750E-01 2.77154929E-04 9.63585982E-04 1.15687119E-01
 7.10000000E+00 6.63734426E-01 3.99457009E-01 2.48751233E-04 8.62614735E-04 1.11146903E-01
 7.20000000E+00 6.73082798E-01 3.83099892E-01 2.22951647E-04 7.70722797E-04 1.06716100E-01
 7.30000000E+00 6.82431170E-01 3.67171112E-01 1.99528193E-04 6.87181682E-04 1.02391181E-01
 7.40000000E+00 6.91779542E-01 3.51655114E-01 1.78273659E-04 6.11320454E-04 9.81687455E-02
 7.50000000E+00 7.01127914E-01 3.36537034E-01 1.58999551E-04 5.42520798E-04 9.40455206E-02
 7.60000000E+00 7.10476287E-01 3.21802667E-01 1.41534261E-04 4.80212559E-04 9.00183534E-02
 7.70000000E+00 7.19824659E-01 3.07438429E-01 1.25721431E-04 4.23869688E-04 8.60842076E-02
 7.80000000E+00 7.29173031E-01 2.93431326E-01 1.11418487E-04 3.73006570E-04 8.22401582E-02
 7.90000000E+00 7.38521403E-01 2.79768926E-01 9.84953292E-05 3.27174680E-04 7.84833874E-02
 8.00000000E+00 7.47869775E-01 2.66439324E-01 8.68331489E-05 2.85959543E-04 7.48111802E-02
 8.10000000E+00 7.57218148E-01 2.53431124E-01 7.63233751E-05 2.48977968E-04 7.12209203E-02
 8.20000000E+00 7.66566520E-01 2.40733406E-01 6.68667216E-05 2.15875522E-04 6.77100865E-02
 8.30000000E+00 7.75914892E-01 2.28335705E-01 5.83723306E-05 1.86324234E-04 6.42762484E-02
 8.40000000E+00 7.85263264E-01 2.16227992E-01 5.07570013E-05 1.60020490E-04 6.09170631E-02
 8.50000000E+00 7.94611636E-01 2.04400647E-01 4.39444929E-05 1.36683113E-04 5.76302719E-02
 8.60000000E+00 8.03960009E-01 1.92844444E-01 3.78648962E-05 1.16051611E-04 5.44136965E-02
 8.70000000E+00 8.13308381E-01 1.81550527E-01 3.24540641E-05 9.78845685E-05 5.12652362E-02
 8.80000000E+00 8.22656753E-01 1.70510400E-01 2.76530971E-05 8.19581748E-05 4.81828649E-02
 8.90000000E+00 8.32005125E-01 1.59715900E-01 2.34078758E-05 6.80648753E-05 4.51646279E-02
 9.00000000E+00 8.41353497E-01 1.49159193E-01 1.96686369E-05 5.60121348E-05 4.22086391E-02
 9.10000000E+00 8.50701870E-01 1.38832747E-01 1.63895878E-05 4.56213013E-05 3.93130787E-02
 9.20000000E+00 8.60050242E-01 1.28729327E-01 1.35285552E-05 3.67265630E-05 3.64761904E-02
 9.30000000E+00 8.69398614E-01 1.18841979E-01 1.10466642E-05 2.91739885E-05 3.36962787E-02
 9.40000000E+00 8.78746986E-01 1.09164014E-01 8.90804492E-06 2.28206447E-05 3.09717071E-02
 9.50000000E+00 8.88095358E-01 9.96889999E-02 7.07956238E-06 1.75337831E-05 2.83008953E-02
 9.60000000E+00 8.97443730E-01 9.04107499E-02 5.53056768E-06 1.31900882E-05 2.56823176E-02
 9.70000000E+00 9.06792103E-01 8.13233097E-02 4.23266666E-06 9.67497830E-06 2.31145003E-02
 9.80000000E+00 9.16140475E-01 7.24209489E-02 3.15950306E-06 6.88192905E-06 2.05960202E-02
 9.90000000E+00 9.25488847E-01 6.36981511E-02 2.28655264E-06 4.71165102E-06 1.81255024E-02
 1.00000000E+01 9.34837219E-01 5.51496042E-02 1.59092368E-06 3.06138569E-06 1.57016188E-02
 1.01078125E+01 9.44915933E-01 4.61225291E-02 1.01495544E-06 1.79546646E-06 1.31391367E-02
 1.02156250E+01 9.54994647E-01 3.72858856E-02 5.94869331E-07 9.47904884E-07 1.06278173E-02
 1.03234375E+01 9.65073361E-01 2.86337499E-02 3.06673863E-07 4.26847401E-07 8.16616494E-03
 1.04312500E+01 9.75152074E-01 2.01604303E-02 1.27255103E-07 1.47244276E-07 5.75273827E-03
 1.05390625E+01 9.85230788E-01 1.18604575E-02 3.37013117E-08 3.01095664E-08 3.38614796E-03
 1.06468750E+01 9.95309502E-01 3.72857531E-03 1.86311734E-09 1.01312963E-09 1.06505497E-03
 1.06540625E+01 9.95981416E-01 3.19230150E-03 1.26350244E-09 6.31608845E-10 9.11901234E-04
 1.06612500E+01 9.96653330E-01 2.65675077E-03 7.98227869E-10 3.60614564E-10 7.58943584E-04
 1.06684375E+01 9.97325245E-01 2.12192166E-03 4.54995211E-10 1.81143741E-10 6.06181643E-04
 1.06756250E+01 9.97997159E-01 1.58781272E-03 2.20351167E-10 7.42509731E-11 4.53615037E-04
 1.06828125E+01 9.98669073E-01 1.05442248E-03 7.91749143E-11 2.10053227E-11 3.01243395E-04
 1.06900000E+01 9.99340987E-01 5.21749493E-04 1.36345230E-11 2.82305672E-12 1.49066346E-04
 1.06907187E+01 9.99408179E-01 4.68521588E-04 1.04184299E-11 2.03725734E-12 1.33859329E-04
 1.06914375E+01 9.99475370E-01 4.15300840E-04 7.70688138E-12 1.41273108E-12 1.18654254E-04
 1.06921563E+01 9.99542562E-01 3.62087247E-04 5.47013595E-12 9.30982488E-13 1.03451121E-04
 1.06928750E+01 9.99609753E-01 3.08880808E-04 3.67651004E-12 5.73513974E-13 8.82499290E-05
 1.06935938E+01 9.99676944E-01 2.55681521E-04 2.29192392E-12 3.21820393E-13 7.30506775E-05
 1.06943125E+01 9.99744136E-01 2.02489385E-04 1.27923666E-12 1.57379347E-13 5.78533665E-05
 1.06950313E+01 9.99811327E-01 1.49304399E-04 5.97200483E-13 6.16312820E-14 4.26579954E-05
 1.06957500E+01 9.99878519E-01 9.61265602E-05 1.98628037E-13 1.59284121E-14 2.74645640E-05
 1.06964688E+01 9.99945710E-01 4.29558684E-05 2.65143940E-14 1.56627141E-15 1.22730718E-05
 1.06965406E+01 9.99952429E-01 3.76391922E-05 1.90557271E-14 1.04817015E-15 1.07540293E-05
 1.06966125E+01 9.99959148E-01 3.23225875E-05 1.30223519E-14 6.59164352E-16 9.23500609E-06
 1.06966844E+01 9.99965868E-01 2.70060542E-05 8.30952708E-15 3.80810417E-16 7.71600230E-06
 1.06967563E+01 9.99972587E-01 2.16895924E-05 4.80342800E-15 1.94642972E-16 6.19701789E-06
 1.06968281E+01 9.99979306E-01 1.63732020E-05 2.37824285E-15 8.21602657E-17 4.67805288E-06
 1.06969000E+01 9.99986025E-01 1.10568831E-05 8.91257674E-16 2.47907991E-17 3.15910725E-06
 1.06969719E+01 9.99992744E-01 5.74063558E-06 1.73109450E-16 3.78289687E-18 1.64018100E-06
 1.06970438E+01 9.99999463E-01 4.24459520E-07 2.57342116E-19 1.51034070E-21 1.21274146E-07
 1.06970445E+01 9.99999531E-01 3.71298120E-07 1.84173457E-19 1.00541201E-21 1.06085175E-07
 1.06970452E+01 9.99999598E-01 3.18136728E-07 1.25156867E-19 6.27791426E-22 9.08962065E-08
 1.06970459E+01 9.99999665E-01 2.64975342E-07 7.92380547E-20 3.59038014E-22 7.57072397E-08
 1.06970466E+01 9.99999732E-01 2.11813964E-07 4.52695954E-20 1.80685548E-22 6.05182749E-08
 1.06970473E+01 9.99999799E-01 1.58652593E-07 2.19805255E-20 7.42247256E-23 4.53293120E-08
 1.06970481E+01 9.99999866E-01 1.05491229E-07 7.92430179E-21 2.10603856E-23 3.01403510E-08
 1.06970488E+01 9.99999934E-01 5.23298717E-08 1.37339132E-21 2.85053525E-24 1.49513919E-08
 1.06970489E+01 9.99999940E-01 4.70137364E-08 1.05070801E-21 2.05995105E-24 1.34324961E-08
 1.06970489E+01 9.99999947E-01 4.16976012E-08 7.78390992E-22 1.43092138E-24 1.19136004E-08
 1.06970490E+01 9.99999954E-01 3.63814660E-08 5.53503805E-22 9.45031952E-25 1.03947046E-08
 1.06970491E+01 9.99999961E-01 3.10653310E-08 3.72915198E-22 5.83856599E-25 8.87580887E-09
 1.06970491E+01 9.99999967E-01 2.57491959E-08 2.33254108E-22 3.28951989E-25 7.35691315E-09
 1.06970492E+01 9.99999974E-01 2.04330610E-08 1.30843966E-22 1.61848074E-25 5.83801745E-09
 1.06970493E+01 9.99999981E-01 1.51169261E-08 6.15997353E-23 6.40286232E-26 4.31912177E-09
 1.06970494E+01 9.99999987E-01 9.80079132E-09 2.08484117E-23 1.68818548E-26 2.80022610E-09
 1.06970494E+01 9.99999994E-01 4.48465660E-09 2.95286166E-24 1.75026415E-27 1.28133046E-09
 1.06970494E+01 9.99999995E-01 3.68723639E-09 1.80997498E-24 9.60679085E-28 1.05349612E-09
 1.06970494E+01 9.99999996E-01 2.88981619E-09 9.84227888E-25 4.68331888E-28 8.25661771E-10
 1.06970495E+01 9.99999997E-01 2.35820272E-09 5.92069865E-25 2.51471057E-28 6.73772208E-10
 1.06970495E+01 9.99999998E-01 1.82658925E-09 3.12624034E-25 1.14877848E-28 5.21882646E-10
 1.06970495E+01 9.99999998E-01 1.29497579E-09 1.32304384E-25 4.00138120E-29 3.69993083E-10
 1.06970495E+01 9.99999999E-01 7.63362319E-10 3.52977412E-26 8.21443373E-30 2.18103521E-10
 1.06970495E+01 1.00000000E+00 2.31748854E-10 1.79252039E-27 3.31406583E-31 6.62139586E-11
 1.06970495E+01 1.00000000E+00-2.99864611E-10 0.00000000E+00 0.00000000E+00 6.62139586E-11
