x  xi  w   rho/rho0    SD  v2  logc= 1.30317665D+00
 0.00000000E+00 0.00000000E+00 6.19000000E+00 1.00000000E+00 1.00000000E+00 9.39386798E-01
 1.00000000E-05 4.97534667E-07 6.19000000E+00 1.00000000E+00 1.00000000E+00 9.39386798E-01
 1.10000000E-05 5.47288134E-07 6.19000000E+00 1.00000000E+00 1.00000000E+00 9.39386798E-01
 1.20000000E-05 5.97041601E-07 6.19000000E+00 1.00000000E+00 1.00000000E+00 9.39386798E-01
 1.30000000E-05 6.46795067E-07 6.19000000E+00 1.00000000E+00 1.00000000E+00 9.39386798E-01
 1.40000000E-05 6.96548534E-07 6.19000000E+00 1.00000000E+00 1.00000000E+00 9.39386798E-01
 1.50000000E-05 7.46302001E-07 6.19000000E+00 1.00000000E+00 1.00000000E+00 9.39386798E-01
 1.60000000E-05 7.96055468E-07 6.19000000E+00 1.00000000E+00 1.00000000E+00 9.39386798E-01
 1.70000000E-05 8.45808934E-07 6.19000000E+00 1.00000000E+00 1.00000000E+00 9.39386798E-01
 1.80000000E-05 8.95562401E-07 6.19000000E+00 1.00000000E+00 1.00000000E+00 9.39386798E-01
 1.90000000E-05 9.45315868E-07 6.19000000E+00 9.99999999E-01 1.00000000E+00 9.39386798E-01
 2.00000000E-05 9.95069334E-07 6.19000000E+00 9.99999999E-01 1.00000000E+00 9.39386798E-01
 2.10000000E-05 1.04482280E-06 6.19000000E+00 9.99999999E-01 1.00000000E+00 9.39386798E-01
 2.20000000E-05 1.09457627E-06 6.19000000E+00 9.99999999E-01 9.99999999E-01 9.39386798E-01
 2.30000000E-05 1.14432973E-06 6.19000000E+00 9.99999999E-01 9.99999999E-01 9.39386798E-01
 2.40000000E-05 1.19408320E-06 6.19000000E+00 9.99999999E-01 9.99999999E-01 9.39386798E-01
 2.50000000E-05 1.24383667E-06 6.19000000E+00 9.99999999E-01 9.99999999E-01 9.39386798E-01
 2.60000000E-05 1.29359013E-06 6.19000000E+00 9.99999999E-01 9.99999999E-01 9.39386798E-01
 2.70000000E-05 1.34334360E-06 6.19000000E+00 9.99999999E-01 9.99999999E-01 9.39386798E-01
 2.80000000E-05 1.39309707E-06 6.19000000E+00 9.99999999E-01 9.99999999E-01 9.39386798E-01
 2.90000000E-05 1.44285054E-06 6.19000000E+00 9.99999999E-01 9.99999999E-01 9.39386798E-01
 3.00000000E-05 1.49260400E-06 6.19000000E+00 9.99999999E-01 9.99999999E-01 9.39386798E-01
 3.10000000E-05 1.54235747E-06 6.19000000E+00 9.99999999E-01 9.99999999E-01 9.39386798E-01
 3.20000000E-05 1.59211094E-06 6.19000000E+00 9.99999998E-01 9.99999999E-01 9.39386798E-01
 3.30000000E-05 1.64186440E-06 6.19000000E+00 9.99999998E-01 9.99999999E-01 9.39386798E-01
 3.40000000E-05 1.69161787E-06 6.19000000E+00 9.99999998E-01 9.99999999E-01 9.39386798E-01
 3.50000000E-05 1.74137134E-06 6.19000000E+00 9.99999998E-01 9.99999999E-01 9.39386798E-01
 3.60000000E-05 1.79112480E-06 6.19000000E+00 9.99999998E-01 9.99999999E-01 9.39386798E-01
 3.70000000E-05 1.84087827E-06 6.19000000E+00 9.99999998E-01 9.99999999E-01 9.39386798E-01
 3.80000000E-05 1.89063174E-06 6.19000000E+00 9.99999998E-01 9.99999998E-01 9.39386798E-01
 3.90000000E-05 1.94038520E-06 6.19000000E+00 9.99999998E-01 9.99999998E-01 9.39386798E-01
 4.00000000E-05 1.99013867E-06 6.19000000E+00 9.99999998E-01 9.99999998E-01 9.39386798E-01
 4.10000000E-05 2.03989214E-06 6.19000000E+00 9.99999997E-01 9.99999998E-01 9.39386798E-01
 4.20000000E-05 2.08964560E-06 6.19000000E+00 9.99999997E-01 9.99999998E-01 9.39386798E-01
 4.30000000E-05 2.13939907E-06 6.19000000E+00 9.99999997E-01 9.99999998E-01 9.39386798E-01
 4.40000000E-05 2.18915254E-06 6.19000000E+00 9.99999997E-01 9.99999998E-01 9.39386798E-01
 4.50000000E-05 2.23890600E-06 6.19000000E+00 9.99999997E-01 9.99999998E-01 9.39386798E-01
 4.60000000E-05 2.28865947E-06 6.19000000E+00 9.99999997E-01 9.99999998E-01 9.39386798E-01
 4.70000000E-05 2.33841294E-06 6.19000000E+00 9.99999997E-01 9.99999998E-01 9.39386798E-01
 4.80000000E-05 2.38816640E-06 6.19000000E+00 9.99999996E-01 9.99999998E-01 9.39386798E-01
 4.90000000E-05 2.43791987E-06 6.19000000E+00 9.99999996E-01 9.99999997E-01 9.39386798E-01
 5.00000000E-05 2.48767334E-06 6.19000000E+00 9.99999996E-01 9.99999997E-01 9.39386798E-01
 5.10000000E-05 2.53742680E-06 6.19000000E+00 9.99999996E-01 9.99999997E-01 9.39386798E-01
 5.20000000E-05 2.58718027E-06 6.19000000E+00 9.99999996E-01 9.99999997E-01 9.39386798E-01
 5.30000000E-05 2.63693374E-06 6.19000000E+00 9.99999996E-01 9.99999997E-01 9.39386798E-01
 5.40000000E-05 2.68668720E-06 6.19000000E+00 9.99999996E-01 9.99999997E-01 9.39386798E-01
 5.50000000E-05 2.73644067E-06 6.19000000E+00 9.99999995E-01 9.99999997E-01 9.39386798E-01
 5.60000000E-05 2.78619414E-06 6.19000000E+00 9.99999995E-01 9.99999997E-01 9.39386798E-01
 5.70000000E-05 2.83594760E-06 6.19000000E+00 9.99999995E-01 9.99999996E-01 9.39386798E-01
 5.80000000E-05 2.88570107E-06 6.18999999E+00 9.99999995E-01 9.99999996E-01 9.39386798E-01
 5.90000000E-05 2.93545454E-06 6.18999999E+00 9.99999995E-01 9.99999996E-01 9.39386798E-01
 6.00000000E-05 2.98520800E-06 6.18999999E+00 9.99999994E-01 9.99999996E-01 9.39386798E-01
 6.10000000E-05 3.03496147E-06 6.18999999E+00 9.99999994E-01 9.99999996E-01 9.39386798E-01
 6.20000000E-05 3.08471494E-06 6.18999999E+00 9.99999994E-01 9.99999996E-01 9.39386798E-01
 6.30000000E-05 3.13446840E-06 6.18999999E+00 9.99999994E-01 9.99999996E-01 9.39386798E-01
 6.40000000E-05 3.18422187E-06 6.18999999E+00 9.99999994E-01 9.99999996E-01 9.39386798E-01
 6.50000000E-05 3.23397534E-06 6.18999999E+00 9.99999994E-01 9.99999995E-01 9.39386798E-01
 6.60000000E-05 3.28372880E-06 6.18999999E+00 9.99999993E-01 9.99999995E-01 9.39386798E-01
 6.70000000E-05 3.33348227E-06 6.18999999E+00 9.99999993E-01 9.99999995E-01 9.39386798E-01
 6.80000000E-05 3.38323574E-06 6.18999999E+00 9.99999993E-01 9.99999995E-01 9.39386798E-01
 6.90000000E-05 3.43298920E-06 6.18999999E+00 9.99999993E-01 9.99999995E-01 9.39386798E-01
 7.00000000E-05 3.48274267E-06 6.18999999E+00 9.99999992E-01 9.99999995E-01 9.39386798E-01
 7.10000000E-05 3.53249614E-06 6.18999999E+00 9.99999992E-01 9.99999995E-01 9.39386798E-01
 7.20000000E-05 3.58224960E-06 6.18999999E+00 9.99999992E-01 9.99999994E-01 9.39386798E-01
 7.30000000E-05 3.63200307E-06 6.18999999E+00 9.99999992E-01 9.99999994E-01 9.39386798E-01
 7.40000000E-05 3.68175654E-06 6.18999999E+00 9.99999992E-01 9.99999994E-01 9.39386798E-01
 7.50000000E-05 3.73151000E-06 6.18999999E+00 9.99999991E-01 9.99999994E-01 9.39386798E-01
 7.60000000E-05 3.78126347E-06 6.18999999E+00 9.99999991E-01 9.99999994E-01 9.39386798E-01
 7.70000000E-05 3.83101694E-06 6.18999999E+00 9.99999991E-01 9.99999994E-01 9.39386798E-01
 7.80000000E-05 3.88077040E-06 6.18999999E+00 9.99999991E-01 9.99999993E-01 9.39386798E-01
 7.90000000E-05 3.93052387E-06 6.18999999E+00 9.99999990E-01 9.99999993E-01 9.39386798E-01
 8.00000000E-05 3.98027734E-06 6.18999999E+00 9.99999990E-01 9.99999993E-01 9.39386798E-01
 8.10000000E-05 4.03003080E-06 6.18999999E+00 9.99999990E-01 9.99999993E-01 9.39386798E-01
 8.20000000E-05 4.07978427E-06 6.18999999E+00 9.99999990E-01 9.99999993E-01 9.39386798E-01
 8.30000000E-05 4.12953774E-06 6.18999999E+00 9.99999989E-01 9.99999993E-01 9.39386798E-01
 8.40000000E-05 4.17929120E-06 6.18999999E+00 9.99999989E-01 9.99999992E-01 9.39386798E-01
 8.50000000E-05 4.22904467E-06 6.18999999E+00 9.99999989E-01 9.99999992E-01 9.39386798E-01
 8.60000000E-05 4.27879814E-06 6.18999999E+00 9.99999989E-01 9.99999992E-01 9.39386798E-01
 8.70000000E-05 4.32855161E-06 6.18999999E+00 9.99999988E-01 9.99999992E-01 9.39386798E-01
 8.80000000E-05 4.37830507E-06 6.18999999E+00 9.99999988E-01 9.99999992E-01 9.39386798E-01
 8.90000000E-05 4.42805854E-06 6.18999999E+00 9.99999988E-01 9.99999991E-01 9.39386798E-01
 9.00000000E-05 4.47781201E-06 6.18999999E+00 9.99999988E-01 9.99999991E-01 9.39386798E-01
 9.10000000E-05 4.52756547E-06 6.18999999E+00 9.99999987E-01 9.99999991E-01 9.39386798E-01
 9.20000000E-05 4.57731894E-06 6.18999999E+00 9.99999987E-01 9.99999991E-01 9.39386798E-01
 9.30000000E-05 4.62707241E-06 6.18999999E+00 9.99999987E-01 9.99999991E-01 9.39386798E-01
 9.40000000E-05 4.67682587E-06 6.18999999E+00 9.99999986E-01 9.99999990E-01 9.39386798E-01
 9.50000000E-05 4.72657934E-06 6.18999999E+00 9.99999986E-01 9.99999990E-01 9.39386798E-01
 9.60000000E-05 4.77633281E-06 6.18999999E+00 9.99999986E-01 9.99999990E-01 9.39386798E-01
 9.70000000E-05 4.82608627E-06 6.18999999E+00 9.99999986E-01 9.99999990E-01 9.39386798E-01
 9.80000000E-05 4.87583974E-06 6.18999999E+00 9.99999985E-01 9.99999990E-01 9.39386798E-01
 9.90000000E-05 4.92559321E-06 6.18999999E+00 9.99999985E-01 9.99999989E-01 9.39386798E-01
 1.00000000E-04 4.97534667E-06 6.18999999E+00 9.99999985E-01 9.99999989E-01 9.39386798E-01
 1.10000000E-04 5.47288134E-06 6.18999998E+00 9.99999981E-01 9.99999987E-01 9.39386797E-01
 1.20000000E-04 5.97041601E-06 6.18999998E+00 9.99999978E-01 9.99999984E-01 9.39386797E-01
 1.30000000E-04 6.46795067E-06 6.18999997E+00 9.99999974E-01 9.99999982E-01 9.39386797E-01
 1.40000000E-04 6.96548534E-06 6.18999997E+00 9.99999970E-01 9.99999979E-01 9.39386797E-01
 1.50000000E-04 7.46302001E-06 6.18999997E+00 9.99999965E-01 9.99999976E-01 9.39386797E-01
 1.60000000E-04 7.96055468E-06 6.18999996E+00 9.99999961E-01 9.99999972E-01 9.39386797E-01
 1.70000000E-04 8.45808934E-06 6.18999996E+00 9.99999956E-01 9.99999969E-01 9.39386797E-01
 1.80000000E-04 8.95562401E-06 6.18999995E+00 9.99999950E-01 9.99999965E-01 9.39386796E-01
 1.90000000E-04 9.45315868E-06 6.18999995E+00 9.99999945E-01 9.99999961E-01 9.39386796E-01
 2.00000000E-04 9.95069334E-06 6.18999994E+00 9.99999939E-01 9.99999957E-01 9.39386796E-01
 2.10000000E-04 1.04482280E-05 6.18999993E+00 9.99999932E-01 9.99999952E-01 9.39386796E-01
 2.20000000E-04 1.09457627E-05 6.18999993E+00 9.99999926E-01 9.99999947E-01 9.39386795E-01
 2.30000000E-04 1.14432973E-05 6.18999992E+00 9.99999919E-01 9.99999943E-01 9.39386795E-01
 2.40000000E-04 1.19408320E-05 6.18999991E+00 9.99999911E-01 9.99999938E-01 9.39386795E-01
 2.50000000E-04 1.24383667E-05 6.18999991E+00 9.99999904E-01 9.99999932E-01 9.39386795E-01
 2.60000000E-04 1.29359013E-05 6.18999990E+00 9.99999896E-01 9.99999927E-01 9.39386794E-01
 2.70000000E-04 1.34334360E-05 6.18999989E+00 9.99999888E-01 9.99999921E-01 9.39386794E-01
 2.80000000E-04 1.39309707E-05 6.18999988E+00 9.99999880E-01 9.99999915E-01 9.39386794E-01
 2.90000000E-04 1.44285054E-05 6.18999987E+00 9.99999871E-01 9.99999909E-01 9.39386793E-01
 3.00000000E-04 1.49260400E-05 6.18999987E+00 9.99999862E-01 9.99999902E-01 9.39386793E-01
 3.10000000E-04 1.54235747E-05 6.18999986E+00 9.99999852E-01 9.99999896E-01 9.39386793E-01
 3.20000000E-04 1.59211094E-05 6.18999985E+00 9.99999843E-01 9.99999889E-01 9.39386792E-01
 3.30000000E-04 1.64186440E-05 6.18999984E+00 9.99999833E-01 9.99999882E-01 9.39386792E-01
 3.40000000E-04 1.69161787E-05 6.18999983E+00 9.99999822E-01 9.99999875E-01 9.39386792E-01
 3.50000000E-04 1.74137134E-05 6.18999982E+00 9.99999812E-01 9.99999867E-01 9.39386791E-01
 3.60000000E-04 1.79112480E-05 6.18999981E+00 9.99999801E-01 9.99999859E-01 9.39386791E-01
 3.70000000E-04 1.84087827E-05 6.18999979E+00 9.99999790E-01 9.99999851E-01 9.39386790E-01
 3.80000000E-04 1.89063174E-05 6.18999978E+00 9.99999778E-01 9.99999843E-01 9.39386790E-01
 3.90000000E-04 1.94038520E-05 6.18999977E+00 9.99999766E-01 9.99999835E-01 9.39386790E-01
 4.00000000E-04 1.99013867E-05 6.18999976E+00 9.99999754E-01 9.99999826E-01 9.39386789E-01
 4.10000000E-04 2.03989214E-05 6.18999975E+00 9.99999742E-01 9.99999818E-01 9.39386789E-01
 4.20000000E-04 2.08964560E-05 6.18999974E+00 9.99999729E-01 9.99999809E-01 9.39386788E-01
 4.30000000E-04 2.13939907E-05 6.18999972E+00 9.99999716E-01 9.99999799E-01 9.39386788E-01
 4.40000000E-04 2.18915254E-05 6.18999971E+00 9.99999702E-01 9.99999790E-01 9.39386787E-01
 4.50000000E-04 2.23890600E-05 6.18999970E+00 9.99999689E-01 9.99999780E-01 9.39386787E-01
 4.60000000E-04 2.28865947E-05 6.18999968E+00 9.99999675E-01 9.99999770E-01 9.39386786E-01
 4.70000000E-04 2.33841294E-05 6.18999967E+00 9.99999661E-01 9.99999760E-01 9.39386786E-01
 4.80000000E-04 2.38816640E-05 6.18999965E+00 9.99999646E-01 9.99999750E-01 9.39386785E-01
 4.90000000E-04 2.43791987E-05 6.18999964E+00 9.99999631E-01 9.99999740E-01 9.39386785E-01
 5.00000000E-04 2.48767334E-05 6.18999963E+00 9.99999616E-01 9.99999729E-01 9.39386784E-01
 5.10000000E-04 2.53742680E-05 6.18999961E+00 9.99999600E-01 9.99999718E-01 9.39386783E-01
 5.20000000E-04 2.58718027E-05 6.18999959E+00 9.99999584E-01 9.99999707E-01 9.39386783E-01
 5.30000000E-04 2.63693374E-05 6.18999958E+00 9.99999568E-01 9.99999695E-01 9.39386782E-01
 5.40000000E-04 2.68668720E-05 6.18999956E+00 9.99999552E-01 9.99999684E-01 9.39386782E-01
 5.50000000E-04 2.73644067E-05 6.18999955E+00 9.99999535E-01 9.99999672E-01 9.39386781E-01
 5.60000000E-04 2.78619414E-05 6.18999953E+00 9.99999518E-01 9.99999660E-01 9.39386780E-01
 5.70000000E-04 2.83594760E-05 6.18999951E+00 9.99999501E-01 9.99999648E-01 9.39386780E-01
 5.80000000E-04 2.88570107E-05 6.18999950E+00 9.99999483E-01 9.99999635E-01 9.39386779E-01
 5.90000000E-04 2.93545454E-05 6.18999948E+00 9.99999465E-01 9.99999622E-01 9.39386779E-01
 6.00000000E-04 2.98520800E-05 6.18999946E+00 9.99999447E-01 9.99999609E-01 9.39386778E-01
 6.10000000E-04 3.03496147E-05 6.18999944E+00 9.99999428E-01 9.99999596E-01 9.39386777E-01
 6.20000000E-04 3.08471494E-05 6.18999942E+00 9.99999409E-01 9.99999583E-01 9.39386776E-01
 6.30000000E-04 3.13446840E-05 6.18999940E+00 9.99999390E-01 9.99999569E-01 9.39386776E-01
 6.40000000E-04 3.18422187E-05 6.18999939E+00 9.99999371E-01 9.99999556E-01 9.39386775E-01
 6.50000000E-04 3.23397534E-05 6.18999937E+00 9.99999351E-01 9.99999542E-01 9.39386774E-01
 6.60000000E-04 3.28372880E-05 6.18999935E+00 9.99999331E-01 9.99999527E-01 9.39386774E-01
 6.70000000E-04 3.33348227E-05 6.18999933E+00 9.99999310E-01 9.99999513E-01 9.39386773E-01
 6.80000000E-04 3.38323574E-05 6.18999931E+00 9.99999289E-01 9.99999498E-01 9.39386772E-01
 6.90000000E-04 3.43298920E-05 6.18999929E+00 9.99999268E-01 9.99999484E-01 9.39386771E-01
 7.00000000E-04 3.48274267E-05 6.18999927E+00 9.99999247E-01 9.99999468E-01 9.39386770E-01
 7.10000000E-04 3.53249614E-05 6.18999924E+00 9.99999225E-01 9.99999453E-01 9.39386770E-01
 7.20000000E-04 3.58224960E-05 6.18999922E+00 9.99999203E-01 9.99999438E-01 9.39386769E-01
 7.30000000E-04 3.63200307E-05 6.18999920E+00 9.99999181E-01 9.99999422E-01 9.39386768E-01
 7.40000000E-04 3.68175654E-05 6.18999918E+00 9.99999158E-01 9.99999406E-01 9.39386767E-01
 7.50000000E-04 3.73151000E-05 6.18999916E+00 9.99999136E-01 9.99999390E-01 9.39386766E-01
 7.60000000E-04 3.78126347E-05 6.18999913E+00 9.99999112E-01 9.99999373E-01 9.39386766E-01
 7.70000000E-04 3.83101694E-05 6.18999911E+00 9.99999089E-01 9.99999357E-01 9.39386765E-01
 7.80000000E-04 3.88077040E-05 6.18999909E+00 9.99999065E-01 9.99999340E-01 9.39386764E-01
 7.90000000E-04 3.93052387E-05 6.18999906E+00 9.99999041E-01 9.99999323E-01 9.39386763E-01
 8.00000000E-04 3.98027734E-05 6.18999904E+00 9.99999016E-01 9.99999306E-01 9.39386762E-01
 8.10000000E-04 4.03003080E-05 6.18999902E+00 9.99998992E-01 9.99999288E-01 9.39386761E-01
 8.20000000E-04 4.07978427E-05 6.18999899E+00 9.99998967E-01 9.99999271E-01 9.39386760E-01
 8.30000000E-04 4.12953774E-05 6.18999897E+00 9.99998941E-01 9.99999253E-01 9.39386759E-01
 8.40000000E-04 4.17929120E-05 6.18999894E+00 9.99998916E-01 9.99999235E-01 9.39386758E-01
 8.50000000E-04 4.22904467E-05 6.18999892E+00 9.99998890E-01 9.99999216E-01 9.39386757E-01
 8.60000000E-04 4.27879814E-05 6.18999889E+00 9.99998863E-01 9.99999198E-01 9.39386756E-01
 8.70000000E-04 4.32855161E-05 6.18999886E+00 9.99998837E-01 9.99999179E-01 9.39386755E-01
 8.80000000E-04 4.37830507E-05 6.18999884E+00 9.99998810E-01 9.99999160E-01 9.39386754E-01
 8.90000000E-04 4.42805854E-05 6.18999881E+00 9.99998783E-01 9.99999141E-01 9.39386753E-01
 9.00000000E-04 4.47781201E-05 6.18999879E+00 9.99998755E-01 9.99999121E-01 9.39386752E-01
 9.10000000E-04 4.52756547E-05 6.18999876E+00 9.99998727E-01 9.99999102E-01 9.39386751E-01
 9.20000000E-04 4.57731894E-05 6.18999873E+00 9.99998699E-01 9.99999082E-01 9.39386750E-01
 9.30000000E-04 4.62707241E-05 6.18999870E+00 9.99998671E-01 9.99999062E-01 9.39386749E-01
 9.40000000E-04 4.67682587E-05 6.18999867E+00 9.99998642E-01 9.99999041E-01 9.39386748E-01
 9.50000000E-04 4.72657934E-05 6.18999865E+00 9.99998613E-01 9.99999021E-01 9.39386747E-01
 9.60000000E-04 4.77633281E-05 6.18999862E+00 9.99998584E-01 9.99999000E-01 9.39386746E-01
 9.70000000E-04 4.82608627E-05 6.18999859E+00 9.99998554E-01 9.99998979E-01 9.39386745E-01
 9.80000000E-04 4.87583974E-05 6.18999856E+00 9.99998524E-01 9.99998958E-01 9.39386744E-01
 9.90000000E-04 4.92559321E-05 6.18999853E+00 9.99998494E-01 9.99998937E-01 9.39386743E-01
 1.00000000E-03 4.97534667E-05 6.18999850E+00 9.99998463E-01 9.99998915E-01 9.39386742E-01
 1.15000000E-03 5.72164867E-05 6.18999802E+00 9.99997968E-01 9.99998565E-01 9.39386724E-01
 1.30000000E-03 6.46795067E-05 6.18999747E+00 9.99997403E-01 9.99998167E-01 9.39386703E-01
 1.40000000E-03 6.96548534E-05 6.18999706E+00 9.99996988E-01 9.99997874E-01 9.39386688E-01
 1.50000000E-03 7.46302001E-05 6.18999663E+00 9.99996542E-01 9.99997559E-01 9.39386671E-01
 1.60000000E-03 7.96055468E-05 6.18999616E+00 9.99996066E-01 9.99997223E-01 9.39386654E-01
 1.70000000E-03 8.45808934E-05 6.18999567E+00 9.99995559E-01 9.99996865E-01 9.39386635E-01
 1.80000000E-03 8.95562401E-05 6.18999514E+00 9.99995021E-01 9.99996485E-01 9.39386615E-01
 1.90000000E-03 9.45315868E-05 6.18999459E+00 9.99994452E-01 9.99996084E-01 9.39386594E-01
 2.00000000E-03 9.95069334E-05 6.18999400E+00 9.99993853E-01 9.99995661E-01 9.39386572E-01
 2.10000000E-03 1.04482280E-04 6.18999339E+00 9.99993223E-01 9.99995216E-01 9.39386549E-01
 2.20000000E-03 1.09457627E-04 6.18999274E+00 9.99992562E-01 9.99994750E-01 9.39386525E-01
 2.30000000E-03 1.14432973E-04 6.18999207E+00 9.99991871E-01 9.99994262E-01 9.39386500E-01
 2.40000000E-03 1.19408320E-04 6.18999136E+00 9.99991149E-01 9.99993752E-01 9.39386473E-01
 2.50000000E-03 1.24383667E-04 6.18999063E+00 9.99990396E-01 9.99993220E-01 9.39386445E-01
 2.60000000E-03 1.29359013E-04 6.18998986E+00 9.99989612E-01 9.99992667E-01 9.39386417E-01
 2.70000000E-03 1.34334360E-04 6.18998907E+00 9.99988797E-01 9.99992092E-01 9.39386387E-01
 2.80000000E-03 1.39309707E-04 6.18998824E+00 9.99987952E-01 9.99991495E-01 9.39386356E-01
 2.90000000E-03 1.44285054E-04 6.18998739E+00 9.99987076E-01 9.99990877E-01 9.39386324E-01
 3.00000000E-03 1.49260400E-04 6.18998650E+00 9.99986170E-01 9.99990237E-01 9.39386290E-01
 3.10000000E-03 1.54235747E-04 6.18998559E+00 9.99985232E-01 9.99989575E-01 9.39386256E-01
 3.20000000E-03 1.59211094E-04 6.18998464E+00 9.99984264E-01 9.99988892E-01 9.39386220E-01
 3.30000000E-03 1.64186440E-04 6.18998367E+00 9.99983265E-01 9.99988187E-01 9.39386184E-01
 3.40000000E-03 1.69161787E-04 6.18998266E+00 9.99982236E-01 9.99987460E-01 9.39386146E-01
 3.50000000E-03 1.74137134E-04 6.18998163E+00 9.99981175E-01 9.99986712E-01 9.39386107E-01
 3.60000000E-03 1.79112480E-04 6.18998056E+00 9.99980084E-01 9.99985942E-01 9.39386067E-01
 3.70000000E-03 1.84087827E-04 6.18997947E+00 9.99978963E-01 9.99985150E-01 9.39386026E-01
 3.80000000E-03 1.89063174E-04 6.18997834E+00 9.99977810E-01 9.99984336E-01 9.39385983E-01
 3.90000000E-03 1.94038520E-04 6.18997719E+00 9.99976627E-01 9.99983501E-01 9.39385940E-01
 4.00000000E-03 1.99013867E-04 6.18997600E+00 9.99975413E-01 9.99982644E-01 9.39385895E-01
 4.10000000E-03 2.03989214E-04 6.18997479E+00 9.99974168E-01 9.99981765E-01 9.39385850E-01
 4.20000000E-03 2.08964560E-04 6.18997354E+00 9.99972893E-01 9.99980865E-01 9.39385803E-01
 4.30000000E-03 2.13939907E-04 6.18997227E+00 9.99971587E-01 9.99979943E-01 9.39385755E-01
 4.40000000E-03 2.18915254E-04 6.18997096E+00 9.99970250E-01 9.99978999E-01 9.39385706E-01
 4.50000000E-03 2.23890600E-04 6.18996963E+00 9.99968882E-01 9.99978034E-01 9.39385656E-01
 4.60000000E-03 2.28865947E-04 6.18996826E+00 9.99967484E-01 9.99977047E-01 9.39385604E-01
 4.70000000E-03 2.33841294E-04 6.18996687E+00 9.99966055E-01 9.99976038E-01 9.39385552E-01
 4.80000000E-03 2.38816640E-04 6.18996544E+00 9.99964595E-01 9.99975007E-01 9.39385498E-01
 4.90000000E-03 2.43791987E-04 6.18996399E+00 9.99963104E-01 9.99973955E-01 9.39385443E-01
 5.00000000E-03 2.48767334E-04 6.18996250E+00 9.99961583E-01 9.99972881E-01 9.39385388E-01
 5.10000000E-03 2.53742680E-04 6.18996099E+00 9.99960031E-01 9.99971786E-01 9.39385331E-01
 5.20000000E-03 2.58718027E-04 6.18995944E+00 9.99958448E-01 9.99970669E-01 9.39385272E-01
 5.30000000E-03 2.63693374E-04 6.18995787E+00 9.99956835E-01 9.99969530E-01 9.39385213E-01
 5.40000000E-03 2.68668720E-04 6.18995626E+00 9.99955191E-01 9.99968369E-01 9.39385153E-01
 5.50000000E-03 2.73644067E-04 6.18995463E+00 9.99953516E-01 9.99967187E-01 9.39385091E-01
 5.60000000E-03 2.78619414E-04 6.18995296E+00 9.99951810E-01 9.99965983E-01 9.39385029E-01
 5.70000000E-03 2.83594760E-04 6.18995127E+00 9.99950074E-01 9.99964757E-01 9.39384965E-01
 5.80000000E-03 2.88570107E-04 6.18994954E+00 9.99948307E-01 9.99963510E-01 9.39384900E-01
 5.90000000E-03 2.93545454E-04 6.18994779E+00 9.99946509E-01 9.99962240E-01 9.39384834E-01
 6.00000000E-03 2.98520800E-04 6.18994600E+00 9.99944680E-01 9.99960950E-01 9.39384767E-01
 6.10000000E-03 3.03496147E-04 6.18994419E+00 9.99942821E-01 9.99959637E-01 9.39384699E-01
 6.20000000E-03 3.08471494E-04 6.18994234E+00 9.99940931E-01 9.99958303E-01 9.39384629E-01
 6.30000000E-03 3.13446840E-04 6.18994047E+00 9.99939011E-01 9.99956947E-01 9.39384559E-01
 6.40000000E-03 3.18422187E-04 6.18993856E+00 9.99937059E-01 9.99955569E-01 9.39384487E-01
 6.50000000E-03 3.23397534E-04 6.18993663E+00 9.99935077E-01 9.99954170E-01 9.39384414E-01
 6.60000000E-03 3.28372880E-04 6.18993466E+00 9.99933064E-01 9.99952749E-01 9.39384340E-01
 6.70000000E-03 3.33348227E-04 6.18993267E+00 9.99931020E-01 9.99951307E-01 9.39384265E-01
 6.80000000E-03 3.38323574E-04 6.18993064E+00 9.99928946E-01 9.99949842E-01 9.39384189E-01
 6.90000000E-03 3.43298920E-04 6.18992859E+00 9.99926841E-01 9.99948356E-01 9.39384112E-01
 7.00000000E-03 3.48274267E-04 6.18992650E+00 9.99924705E-01 9.99946849E-01 9.39384033E-01
 7.10000000E-03 3.53249614E-04 6.18992439E+00 9.99922539E-01 9.99945319E-01 9.39383954E-01
 7.20000000E-03 3.58224960E-04 6.18992224E+00 9.99920341E-01 9.99943768E-01 9.39383873E-01
 7.30000000E-03 3.63200307E-04 6.18992007E+00 9.99918113E-01 9.99942195E-01 9.39383791E-01
 7.40000000E-03 3.68175654E-04 6.18991786E+00 9.99915855E-01 9.99940601E-01 9.39383708E-01
 7.50000000E-03 3.73151000E-04 6.18991563E+00 9.99913565E-01 9.99938985E-01 9.39383624E-01
 7.60000000E-03 3.78126347E-04 6.18991336E+00 9.99911245E-01 9.99937347E-01 9.39383539E-01
 7.70000000E-03 3.83101694E-04 6.18991107E+00 9.99908894E-01 9.99935687E-01 9.39383453E-01
 7.80000000E-03 3.88077040E-04 6.18990874E+00 9.99906513E-01 9.99934006E-01 9.39383365E-01
 7.90000000E-03 3.93052387E-04 6.18990639E+00 9.99904101E-01 9.99932303E-01 9.39383277E-01
 8.00000000E-03 3.98027734E-04 6.18990400E+00 9.99901658E-01 9.99930578E-01 9.39383187E-01
 8.10000000E-03 4.03003080E-04 6.18990159E+00 9.99899184E-01 9.99928832E-01 9.39383096E-01
 8.20000000E-03 4.07978427E-04 6.18989914E+00 9.99896679E-01 9.99927064E-01 9.39383004E-01
 8.30000000E-03 4.12953774E-04 6.18989667E+00 9.99894144E-01 9.99925274E-01 9.39382911E-01
 8.40000000E-03 4.17929120E-04 6.18989416E+00 9.99891578E-01 9.99923463E-01 9.39382817E-01
 8.50000000E-03 4.22904467E-04 6.18989163E+00 9.99888982E-01 9.99921630E-01 9.39382721E-01
 8.60000000E-03 4.27879814E-04 6.18988906E+00 9.99886354E-01 9.99919775E-01 9.39382625E-01
 8.70000000E-03 4.32855161E-04 6.18988647E+00 9.99883696E-01 9.99917898E-01 9.39382527E-01
 8.80000000E-03 4.37830507E-04 6.18988384E+00 9.99881008E-01 9.99916000E-01 9.39382429E-01
 8.90000000E-03 4.42805854E-04 6.18988119E+00 9.99878288E-01 9.99914080E-01 9.39382329E-01
 9.00000000E-03 4.47781201E-04 6.18987850E+00 9.99875538E-01 9.99912138E-01 9.39382228E-01
 9.10000000E-03 4.52756547E-04 6.18987579E+00 9.99872757E-01 9.99910175E-01 9.39382126E-01
 9.20000000E-03 4.57731894E-04 6.18987304E+00 9.99869945E-01 9.99908190E-01 9.39382022E-01
 9.30000000E-03 4.62707241E-04 6.18987027E+00 9.99867103E-01 9.99906183E-01 9.39381918E-01
 9.40000000E-03 4.67682587E-04 6.18986747E+00 9.99864230E-01 9.99904154E-01 9.39381812E-01
 9.50000000E-03 4.72657934E-04 6.18986463E+00 9.99861326E-01 9.99902103E-01 9.39381706E-01
 9.60000000E-03 4.77633281E-04 6.18986177E+00 9.99858392E-01 9.99900031E-01 9.39381598E-01
 9.70000000E-03 4.82608627E-04 6.18985887E+00 9.99855427E-01 9.99897936E-01 9.39381489E-01
 9.80000000E-03 4.87583974E-04 6.18985595E+00 9.99852431E-01 9.99895819E-01 9.39381379E-01
 9.90000000E-03 4.92559321E-04 6.18985299E+00 9.99849404E-01 9.99893680E-01 9.39381268E-01
 1.00000000E-02 4.97534667E-04 6.18985001E+00 9.99846347E-01 9.99891506E-01 9.39381156E-01
 1.10000000E-02 5.47288134E-04 6.18981851E+00 9.99814084E-01 9.99868727E-01 9.39379971E-01
 1.20000000E-02 5.97041601E-04 6.18978401E+00 9.99778751E-01 9.99843781E-01 9.39378673E-01
 1.30000000E-02 6.46795067E-04 6.18974652E+00 9.99740348E-01 9.99816666E-01 9.39377262E-01
 1.40000000E-02 6.96548534E-04 6.18970603E+00 9.99698875E-01 9.99787384E-01 9.39375739E-01
 1.50000000E-02 7.46302001E-04 6.18966254E+00 9.99654332E-01 9.99755935E-01 9.39374103E-01
 1.60000000E-02 7.96055468E-04 6.18961605E+00 9.99606722E-01 9.99722319E-01 9.39372354E-01
 1.70000000E-02 8.45808934E-04 6.18956656E+00 9.99556044E-01 9.99686537E-01 9.39370492E-01
 1.80000000E-02 8.95562401E-04 6.18951407E+00 9.99502299E-01 9.99648589E-01 9.39368517E-01
 1.90000000E-02 9.45315868E-04 6.18945859E+00 9.99445487E-01 9.99608475E-01 9.39366429E-01
 2.00000000E-02 9.95069334E-04 6.18940011E+00 9.99385611E-01 9.99566197E-01 9.39364229E-01
 2.10000000E-02 1.04482280E-03 6.18933863E+00 9.99322669E-01 9.99521753E-01 9.39361915E-01
 2.20000000E-02 1.09457627E-03 6.18927416E+00 9.99256665E-01 9.99475146E-01 9.39359489E-01
 2.30000000E-02 1.14432973E-03 6.18920669E+00 9.99187597E-01 9.99426376E-01 9.39356950E-01
 2.40000000E-02 1.19408320E-03 6.18913623E+00 9.99115468E-01 9.99375443E-01 9.39354298E-01
 2.50000000E-02 1.24383667E-03 6.18906277E+00 9.99040279E-01 9.99322347E-01 9.39351534E-01
 2.60000000E-02 1.29359013E-03 6.18898632E+00 9.98962030E-01 9.99267090E-01 9.39348656E-01
 2.70000000E-02 1.34334360E-03 6.18890687E+00 9.98880723E-01 9.99209672E-01 9.39345666E-01
 2.80000000E-02 1.39309707E-03 6.18882442E+00 9.98796358E-01 9.99150093E-01 9.39342563E-01
 2.90000000E-02 1.44285054E-03 6.18873899E+00 9.98708938E-01 9.99088355E-01 9.39339347E-01
 3.00000000E-02 1.49260400E-03 6.18865056E+00 9.98618463E-01 9.99024458E-01 9.39336018E-01
 3.10000000E-02 1.54235747E-03 6.18855914E+00 9.98524935E-01 9.98958403E-01 9.39332576E-01
 3.20000000E-02 1.59211094E-03 6.18846472E+00 9.98428354E-01 9.98890191E-01 9.39329022E-01
 3.30000000E-02 1.64186440E-03 6.18836732E+00 9.98328724E-01 9.98819822E-01 9.39325355E-01
 3.40000000E-02 1.69161787E-03 6.18826692E+00 9.98226044E-01 9.98747297E-01 9.39321575E-01
 3.50000000E-02 1.74137134E-03 6.18816354E+00 9.98120316E-01 9.98672617E-01 9.39317682E-01
 3.60000000E-02 1.79112480E-03 6.18805716E+00 9.98011543E-01 9.98595783E-01 9.39313676E-01
 3.70000000E-02 1.84087827E-03 6.18794780E+00 9.97899725E-01 9.98516796E-01 9.39309558E-01
 3.80000000E-02 1.89063174E-03 6.18783544E+00 9.97784864E-01 9.98435657E-01 9.39305326E-01
 3.90000000E-02 1.94038520E-03 6.18772010E+00 9.97666962E-01 9.98352367E-01 9.39300982E-01
 4.00000000E-02 1.99013867E-03 6.18760177E+00 9.97546020E-01 9.98266926E-01 9.39296525E-01
 4.10000000E-02 2.03989214E-03 6.18748045E+00 9.97422041E-01 9.98179336E-01 9.39291956E-01
 4.20000000E-02 2.08964560E-03 6.18735615E+00 9.97295025E-01 9.98089598E-01 9.39287273E-01
 4.30000000E-02 2.13939907E-03 6.18722886E+00 9.97164976E-01 9.97997712E-01 9.39282478E-01
 4.40000000E-02 2.18915254E-03 6.18709859E+00 9.97031895E-01 9.97903680E-01 9.39277570E-01
 4.50000000E-02 2.23890600E-03 6.18696533E+00 9.96895783E-01 9.97807503E-01 9.39272549E-01
 4.60000000E-02 2.28865947E-03 6.18682909E+00 9.96756642E-01 9.97709182E-01 9.39267416E-01
 4.70000000E-02 2.33841294E-03 6.18668987E+00 9.96614476E-01 9.97608718E-01 9.39262169E-01
 4.80000000E-02 2.38816640E-03 6.18654767E+00 9.96469285E-01 9.97506112E-01 9.39256810E-01
 4.90000000E-02 2.43791987E-03 6.18640248E+00 9.96321073E-01 9.97401366E-01 9.39251338E-01
 5.00000000E-02 2.48767334E-03 6.18625432E+00 9.96169840E-01 9.97294480E-01 9.39245753E-01
 5.10000000E-02 2.53742680E-03 6.18610317E+00 9.96015589E-01 9.97185456E-01 9.39240056E-01
 5.20000000E-02 2.58718027E-03 6.18594905E+00 9.95858323E-01 9.97074295E-01 9.39234246E-01
 5.30000000E-02 2.63693374E-03 6.18579195E+00 9.95698044E-01 9.96960999E-01 9.39228323E-01
 5.40000000E-02 2.68668720E-03 6.18563187E+00 9.95534753E-01 9.96845568E-01 9.39222287E-01
 5.50000000E-02 2.73644067E-03 6.18546882E+00 9.95368454E-01 9.96728004E-01 9.39216139E-01
 5.60000000E-02 2.78619414E-03 6.18530279E+00 9.95199149E-01 9.96608308E-01 9.39209878E-01
 5.70000000E-02 2.83594760E-03 6.18513379E+00 9.95026840E-01 9.96486481E-01 9.39203504E-01
 5.80000000E-02 2.88570107E-03 6.18496181E+00 9.94851530E-01 9.96362526E-01 9.39197017E-01
 5.90000000E-02 2.93545454E-03 6.18478686E+00 9.94673221E-01 9.96236443E-01 9.39190417E-01
 6.00000000E-02 2.98520800E-03 6.18460894E+00 9.94491916E-01 9.96108233E-01 9.39183705E-01
 6.10000000E-02 3.03496147E-03 6.18442805E+00 9.94307617E-01 9.95977899E-01 9.39176880E-01
 6.20000000E-02 3.08471494E-03 6.18424420E+00 9.94120327E-01 9.95845441E-01 9.39169943E-01
 6.30000000E-02 3.13446840E-03 6.18405737E+00 9.93930050E-01 9.95710861E-01 9.39162893E-01
 6.40000000E-02 3.18422187E-03 6.18386757E+00 9.93736786E-01 9.95574160E-01 9.39155730E-01
 6.50000000E-02 3.23397534E-03 6.18367481E+00 9.93540541E-01 9.95435340E-01 9.39148454E-01
 6.60000000E-02 3.28372880E-03 6.18347909E+00 9.93341315E-01 9.95294403E-01 9.39141065E-01
 6.70000000E-02 3.33348227E-03 6.18328040E+00 9.93139112E-01 9.95151349E-01 9.39133564E-01
 6.80000000E-02 3.38323574E-03 6.18307875E+00 9.92933935E-01 9.95006181E-01 9.39125950E-01
 6.90000000E-02 3.43298920E-03 6.18287413E+00 9.92725788E-01 9.94858899E-01 9.39118224E-01
 7.00000000E-02 3.48274267E-03 6.18266656E+00 9.92514672E-01 9.94709506E-01 9.39110385E-01
 7.10000000E-02 3.53249614E-03 6.18245602E+00 9.92300590E-01 9.94558003E-01 9.39102433E-01
 7.20000000E-02 3.58224960E-03 6.18224253E+00 9.92083547E-01 9.94404390E-01 9.39094368E-01
 7.30000000E-02 3.63200307E-03 6.18202608E+00 9.91863545E-01 9.94248671E-01 9.39086191E-01
 7.40000000E-02 3.68175654E-03 6.18180667E+00 9.91640588E-01 9.94090845E-01 9.39077901E-01
 7.50000000E-02 3.73151000E-03 6.18158431E+00 9.91414677E-01 9.93930916E-01 9.39069499E-01
 7.60000000E-02 3.78126347E-03 6.18135899E+00 9.91185818E-01 9.93768883E-01 9.39060984E-01
 7.70000000E-02 3.83101694E-03 6.18113073E+00 9.90954012E-01 9.93604749E-01 9.39052356E-01
 7.80000000E-02 3.88077040E-03 6.18089951E+00 9.90719264E-01 9.93438514E-01 9.39043615E-01
 7.90000000E-02 3.93052387E-03 6.18066534E+00 9.90481576E-01 9.93270180E-01 9.39034762E-01
 8.00000000E-02 3.98027734E-03 6.18042822E+00 9.90240953E-01 9.93099748E-01 9.39025796E-01
 8.10000000E-02 4.03003080E-03 6.18018816E+00 9.89997397E-01 9.92927219E-01 9.39016718E-01
 8.20000000E-02 4.07978427E-03 6.17994514E+00 9.89750912E-01 9.92752594E-01 9.39007527E-01
 8.30000000E-02 4.12953774E-03 6.17969919E+00 9.89501501E-01 9.92575874E-01 9.38998223E-01
 8.40000000E-02 4.17929120E-03 6.17945029E+00 9.89249168E-01 9.92397058E-01 9.38988807E-01
 8.50000000E-02 4.22904467E-03 6.17919845E+00 9.88993918E-01 9.92216147E-01 9.38979278E-01
 8.60000000E-02 4.27879814E-03 6.17894367E+00 9.88735752E-01 9.92033141E-01 9.38969637E-01
 8.70000000E-02 4.32855161E-03 6.17868594E+00 9.88474675E-01 9.91848039E-01 9.38959883E-01
 8.80000000E-02 4.37830507E-03 6.17842529E+00 9.88210692E-01 9.91660838E-01 9.38950016E-01
 8.90000000E-02 4.42805854E-03 6.17816169E+00 9.87943804E-01 9.91471537E-01 9.38940037E-01
 9.00000000E-02 4.47781201E-03 6.17789516E+00 9.87674017E-01 9.91280130E-01 9.38929945E-01
 9.10000000E-02 4.52756547E-03 6.17762570E+00 9.87401334E-01 9.91086611E-01 9.38919741E-01
 9.20000000E-02 4.57731894E-03 6.17735330E+00 9.87125759E-01 9.90890970E-01 9.38909424E-01
 9.30000000E-02 4.62707241E-03 6.17707797E+00 9.86847296E-01 9.90693193E-01 9.38898995E-01
 9.40000000E-02 4.67682587E-03 6.17679972E+00 9.86565949E-01 9.90493255E-01 9.38888453E-01
 9.50000000E-02 4.72657934E-03 6.17651853E+00 9.86281721E-01 9.90291118E-01 9.38877798E-01
 9.60000000E-02 4.77633281E-03 6.17623442E+00 9.85994618E-01 9.90086716E-01 9.38867031E-01
 9.70000000E-02 4.82608627E-03 6.17594739E+00 9.85704642E-01 9.89879924E-01 9.38856152E-01
 9.80000000E-02 4.87583974E-03 6.17565743E+00 9.85411799E-01 9.89670466E-01 9.38845159E-01
 9.90000000E-02 4.92559321E-03 6.17536455E+00 9.85116092E-01 9.89457535E-01 9.38834055E-01
 1.00000000E-01 4.97534667E-03 6.17506875E+00 9.84817525E-01 9.89231077E-01 9.38822838E-01
 1.10000000E-01 5.47288134E-03 6.17195054E+00 9.81675526E-01 9.86998858E-01 9.38704480E-01
 1.20000000E-01 5.97041601E-03 6.16854221E+00 9.78252449E-01 9.84564844E-01 9.38574880E-01
 1.30000000E-01 6.46795067E-03 6.16484560E+00 9.74553084E-01 9.81931842E-01 9.38434046E-01
 1.40000000E-01 6.96548534E-03 6.16086268E+00 9.70582572E-01 9.79102866E-01 9.38281987E-01
 1.50000000E-01 7.46302001E-03 6.15659559E+00 9.66346385E-01 9.76081131E-01 9.38118712E-01
 1.60000000E-01 7.96055468E-03 6.15204659E+00 9.61850311E-01 9.72870039E-01 9.37944232E-01
 1.70000000E-01 8.45808934E-03 6.14721808E+00 9.57100437E-01 9.69473179E-01 9.37758559E-01
 1.80000000E-01 8.95562401E-03 6.14211260E+00 9.52103131E-01 9.65894308E-01 9.37561704E-01
 1.90000000E-01 9.45315868E-03 6.13673280E+00 9.46865020E-01 9.62137348E-01 9.37353680E-01
 2.00000000E-01 9.95069334E-03 6.13108147E+00 9.41392977E-01 9.58206377E-01 9.37134501E-01
 2.10000000E-01 1.04482280E-02 6.12516150E+00 9.35694096E-01 9.54105611E-01 9.36904182E-01
 2.20000000E-01 1.09457627E-02 6.11897593E+00 9.29775674E-01 9.49839402E-01 9.36662738E-01
 2.30000000E-01 1.14432973E-02 6.11252787E+00 9.23645192E-01 9.45412225E-01 9.36410186E-01
 2.40000000E-01 1.19408320E-02 6.10582055E+00 9.17310293E-01 9.40828664E-01 9.36146541E-01
 2.50000000E-01 1.24383667E-02 6.09885732E+00 9.10778762E-01 9.36093405E-01 9.35871824E-01
 2.60000000E-01 1.29359013E-02 6.09164160E+00 9.04058510E-01 9.31211227E-01 9.35586052E-01
 2.70000000E-01 1.34334360E-02 6.08417692E+00 8.97157549E-01 9.26186985E-01 9.35289245E-01
 2.80000000E-01 1.39309707E-02 6.07646686E+00 8.90083972E-01 9.21025605E-01 9.34981424E-01
 2.90000000E-01 1.44285054E-02 6.06851514E+00 8.82845939E-01 9.15732071E-01 9.34662611E-01
 3.00000000E-01 1.49260400E-02 6.06032550E+00 8.75451654E-01 9.10311417E-01 9.34332829E-01
 3.10000000E-01 1.54235747E-02 6.05190178E+00 8.67909347E-01 9.04768712E-01 9.33992101E-01
 3.20000000E-01 1.59211094E-02 6.04324788E+00 8.60227254E-01 8.99109056E-01 9.33640452E-01
 3.30000000E-01 1.64186440E-02 6.03436776E+00 8.52413606E-01 8.93337566E-01 9.33277907E-01
 3.40000000E-01 1.69161787E-02 6.02526544E+00 8.44476604E-01 8.87459366E-01 9.32904494E-01
 3.50000000E-01 1.74137134E-02 6.01594497E+00 8.36424410E-01 8.81479583E-01 9.32520239E-01
 3.60000000E-01 1.79112480E-02 6.00641048E+00 8.28265124E-01 8.75403331E-01 9.32125172E-01
 3.70000000E-01 1.84087827E-02 5.99666612E+00 8.20006776E-01 8.69235709E-01 9.31719321E-01
 3.80000000E-01 1.89063174E-02 5.98671608E+00 8.11657310E-01 8.62981787E-01 9.31302719E-01
 3.90000000E-01 1.94038520E-02 5.97656457E+00 8.03224567E-01 8.56646603E-01 9.30875397E-01
 4.00000000E-01 1.99013867E-02 5.96621584E+00 7.94716279E-01 8.50235151E-01 9.30437387E-01
 4.10000000E-01 2.03989214E-02 5.95567416E+00 7.86140049E-01 8.43752376E-01 9.29988723E-01
 4.20000000E-01 2.08964560E-02 5.94494383E+00 7.77503351E-01 8.37203170E-01 9.29529441E-01
 4.30000000E-01 2.13939907E-02 5.93402913E+00 7.68813510E-01 8.30592359E-01 9.29059577E-01
 4.40000000E-01 2.18915254E-02 5.92293439E+00 7.60077696E-01 8.23924703E-01 9.28579167E-01
 4.50000000E-01 2.23890600E-02 5.91166390E+00 7.51302921E-01 8.17204887E-01 9.28088250E-01
 4.60000000E-01 2.28865947E-02 5.90022200E+00 7.42496022E-01 8.10437518E-01 9.27586866E-01
 4.70000000E-01 2.33841294E-02 5.88861299E+00 7.33663663E-01 8.03627119E-01 9.27075054E-01
 4.80000000E-01 2.38816640E-02 5.87684117E+00 7.24812322E-01 7.96778122E-01 9.26552857E-01
 4.90000000E-01 2.43791987E-02 5.86491085E+00 7.15948292E-01 7.89894871E-01 9.26020316E-01
 5.00000000E-01 2.48767334E-02 5.85282630E+00 7.07077671E-01 7.82981611E-01 9.25477476E-01
 5.10000000E-01 2.53742680E-02 5.84059179E+00 6.98206362E-01 7.76042489E-01 9.24924381E-01
 5.20000000E-01 2.58718027E-02 5.82821156E+00 6.89340070E-01 7.69081548E-01 9.24361077E-01
 5.30000000E-01 2.63693374E-02 5.81568983E+00 6.80484296E-01 7.62102730E-01 9.23787611E-01
 5.40000000E-01 2.68668720E-02 5.80303080E+00 6.71644339E-01 7.55109866E-01 9.23204032E-01
 5.50000000E-01 2.73644067E-02 5.79023863E+00 6.62825295E-01 7.48106682E-01 9.22610387E-01
 5.60000000E-01 2.78619414E-02 5.77731745E+00 6.54032053E-01 7.41096791E-01 9.22006729E-01
 5.70000000E-01 2.83594760E-02 5.76427137E+00 6.45269299E-01 7.34083696E-01 9.21393106E-01
 5.80000000E-01 2.88570107E-02 5.75110445E+00 6.36541512E-01 7.27070786E-01 9.20769573E-01
 5.90000000E-01 2.93545454E-02 5.73782070E+00 6.27852972E-01 7.20061340E-01 9.20136182E-01
 6.00000000E-01 2.98520800E-02 5.72442411E+00 6.19207755E-01 7.13058521E-01 9.19492988E-01
 6.10000000E-01 3.03496147E-02 5.71091862E+00 6.10609735E-01 7.06065378E-01 9.18840046E-01
 6.20000000E-01 3.08471494E-02 5.69730813E+00 6.02062594E-01 6.99084849E-01 9.18177412E-01
 6.30000000E-01 3.13446840E-02 5.68359647E+00 5.93569816E-01 6.92119756E-01 9.17505144E-01
 6.40000000E-01 3.18422187E-02 5.66978745E+00 5.85134692E-01 6.85172810E-01 9.16823300E-01
 6.50000000E-01 3.23397534E-02 5.65588483E+00 5.76760328E-01 6.78246609E-01 9.16131939E-01
 6.60000000E-01 3.28372880E-02 5.64189228E+00 5.68449644E-01 6.71343641E-01 9.15431123E-01
 6.70000000E-01 3.33348227E-02 5.62781347E+00 5.60205378E-01 6.64466283E-01 9.14720911E-01
 6.80000000E-01 3.38323574E-02 5.61365199E+00 5.52030093E-01 6.57616800E-01 9.14001367E-01
 6.90000000E-01 3.43298920E-02 5.59941137E+00 5.43926179E-01 6.50797354E-01 9.13272553E-01
 7.00000000E-01 3.48274267E-02 5.58509510E+00 5.35895856E-01 6.44009997E-01 9.12534533E-01
 7.10000000E-01 3.53249614E-02 5.57070660E+00 5.27941182E-01 6.37256674E-01 9.11787372E-01
 7.20000000E-01 3.58224960E-02 5.55624924E+00 5.20064057E-01 6.30539229E-01 9.11031136E-01
 7.30000000E-01 3.63200307E-02 5.54172634E+00 5.12266226E-01 6.23859401E-01 9.10265892E-01
 7.40000000E-01 3.68175654E-02 5.52714115E+00 5.04549283E-01 6.17218826E-01 9.09491706E-01
 7.50000000E-01 3.73151000E-02 5.51249687E+00 4.96914680E-01 6.10619042E-01 9.08708646E-01
 7.60000000E-01 3.78126347E-02 5.49779663E+00 4.89363727E-01 6.04061484E-01 9.07916782E-01
 7.70000000E-01 3.83101694E-02 5.48304352E+00 4.81897603E-01 5.97547489E-01 9.07116184E-01
 7.80000000E-01 3.88077040E-02 5.46824056E+00 4.74517355E-01 5.91078295E-01 9.06306921E-01
 7.90000000E-01 3.93052387E-02 5.45339070E+00 4.67223904E-01 5.84655038E-01 9.05489064E-01
 8.00000000E-01 3.98027734E-02 5.43849685E+00 4.60018055E-01 5.78278757E-01 9.04662686E-01
 8.10000000E-01 4.03003080E-02 5.42356185E+00 4.52900494E-01 5.71950385E-01 9.03827860E-01
 8.20000000E-01 4.07978427E-02 5.40858849E+00 4.45871801E-01 5.65670753E-01 9.02984657E-01
 8.30000000E-01 4.12953774E-02 5.39357948E+00 4.38932447E-01 5.59440578E-01 9.02133151E-01
 8.40000000E-01 4.17929120E-02 5.37853750E+00 4.32082805E-01 5.53260462E-01 9.01273418E-01
 8.50000000E-01 4.22904467E-02 5.36346516E+00 4.25323151E-01 5.47130878E-01 9.00405531E-01
 8.60000000E-01 4.27879814E-02 5.34836500E+00 4.18653670E-01 5.41052154E-01 8.99529567E-01
 8.70000000E-01 4.32855161E-02 5.33323952E+00 4.12074460E-01 5.35024454E-01 8.98645600E-01
 8.80000000E-01 4.37830507E-02 5.31809116E+00 4.05585536E-01 5.29047739E-01 8.97753708E-01
 8.90000000E-01 4.42805854E-02 5.30292228E+00 3.99186835E-01 5.23121723E-01 8.96853968E-01
 9.00000000E-01 4.47781201E-02 5.28773522E+00 3.92878220E-01 5.17245795E-01 8.95946456E-01
 9.10000000E-01 4.52756547E-02 5.27253223E+00 3.86659484E-01 5.11418901E-01 8.95031250E-01
 9.20000000E-01 4.57731894E-02 5.25731554E+00 3.80530353E-01 5.05639350E-01 8.94108430E-01
 9.30000000E-01 4.62707241E-02 5.24208730E+00 3.74490491E-01 4.99904494E-01 8.93178072E-01
 9.40000000E-01 4.67682587E-02 5.22684961E+00 3.68539504E-01 4.94210149E-01 8.92240257E-01
 9.50000000E-01 4.72657934E-02 5.21160453E+00 3.62676942E-01 4.88549491E-01 8.91295063E-01
 9.60000000E-01 4.77633281E-02 5.19635404E+00 3.56902303E-01 4.82910746E-01 8.90342570E-01
 9.70000000E-01 4.82608627E-02 5.18110010E+00 3.51215039E-01 4.77271657E-01 8.89382858E-01
 9.80000000E-01 4.87583974E-02 5.16584459E+00 3.45614555E-01 4.71583381E-01 8.88416007E-01
 9.90000000E-01 4.92559321E-02 5.15058937E+00 3.40100213E-01 4.65702985E-01 8.87442097E-01
 1.00000000E+00 4.97534667E-02 5.13533623E+00 3.34671339E-01 4.57856782E-01 8.86461208E-01
 1.11250000E+00 5.53507317E-02 4.96437618E+00 2.79246796E-01 4.02918309E-01 8.74970041E-01
 1.22500000E+00 6.09479967E-02 4.79593647E+00 2.33303885E-01 3.54874976E-01 8.62721616E-01
 1.33750000E+00 6.65452617E-02 4.63148918E+00 1.95461145E-01 3.13131257E-01 8.49830488E-01
 1.45000000E+00 7.21425268E-02 4.47201420E+00 1.64374502E-01 2.76980874E-01 8.36407247E-01
 1.56250000E+00 7.77397918E-02 4.31811813E+00 1.38840498E-01 2.45707809E-01 8.22556249E-01
 1.67500000E+00 8.33370568E-02 4.17013161E+00 1.17831323E-01 2.18640428E-01 8.08374092E-01
 1.78750000E+00 8.89343218E-02 4.02818600E+00 1.00493761E-01 1.95176486E-01 7.93948746E-01
 1.90000000E+00 9.45315868E-02 3.89227188E+00 8.61316294E-02 1.74793337E-01 7.79359195E-01
 2.01250000E+00 1.00128852E-01 3.76228297E+00 7.41825992E-02 1.57174865E-01 7.64675487E-01
 2.11250000E+00 1.05104198E-01 3.65157445E+00 6.52197417E-02 1.43246164E-01 7.51594105E-01
 2.21250000E+00 1.10079545E-01 3.54526540E+00 5.75482118E-02 1.30847945E-01 7.38524730E-01
 2.31250000E+00 1.15054892E-01 3.44319215E+00 5.09567826E-02 1.19686869E-01 7.25500395E-01
 2.42500000E+00 1.20652157E-01 3.33320792E+00 4.46174468E-02 1.08560224E-01 7.10937421E-01
 2.55000000E+00 1.26871340E-01 3.21672958E+00 3.86763944E-02 9.77940087E-02 6.94907891E-01
 2.67500000E+00 1.33090523E-01 3.10594774E+00 3.36840131E-02 8.83564086E-02 6.79076066E-01
 2.80000000E+00 1.39309707E-01 3.00052794E+00 2.94656664E-02 8.00510840E-02 6.63474100E-01
 2.92500000E+00 1.45528890E-01 2.90014864E+00 2.58824881E-02 7.27146562E-02 6.48127608E-01
 3.05000000E+00 1.51748074E-01 2.80450389E+00 2.28234664E-02 6.62106165E-02 6.33056596E-01
 3.17500000E+00 1.57967257E-01 2.71330476E+00 2.01993716E-02 6.04241815E-02 6.18276270E-01
 3.30000000E+00 1.64186440E-01 2.62627980E+00 1.79380878E-02 5.52569000E-02 6.03797774E-01
 3.42500000E+00 1.70405624E-01 2.54317491E+00 1.59810127E-02 5.05675158E-02 5.89628817E-01
 3.57500000E+00 1.77868644E-01 2.44829071E+00 1.39672901E-02 4.56499267E-02 5.73041284E-01
 3.72500000E+00 1.85331664E-01 2.35833134E+00 1.22563413E-02 4.13132712E-02 5.56910166E-01
 3.87500000E+00 1.92794684E-01 2.27294876E+00 1.07950514E-02 3.74774721E-02 5.41235323E-01
 4.02500000E+00 2.00257704E-01 2.19182390E+00 9.54088601E-03 3.41467190E-02 5.26013453E-01
 4.12500000E+00 2.05233050E-01 2.13996065E+00 8.80262836E-03 3.20751274E-02 5.16114424E-01
 4.22500000E+00 2.10208397E-01 2.08977872E+00 8.13254973E-03 3.01540754E-02 5.06411986E-01
 4.32500000E+00 2.15183744E-01 2.04120212E+00 7.52323126E-03 2.83703126E-02 4.96903624E-01
 4.42500000E+00 2.20159090E-01 1.99415908E+00 6.96818326E-03 2.67119714E-02 4.87586561E-01
 4.52500000E+00 2.25134437E-01 1.94858183E+00 6.46171433E-03 2.51684010E-02 4.78457814E-01
 4.62500000E+00 2.30109784E-01 1.90440635E+00 5.99882075E-03 2.37300236E-02 4.69514227E-01
 4.72500000E+00 2.35085130E-01 1.86157211E+00 5.57509286E-03 2.23882098E-02 4.60752511E-01
 4.82500000E+00 2.40060477E-01 1.82002190E+00 5.18663545E-03 2.11351700E-02 4.52169275E-01
 4.92500000E+00 2.45035824E-01 1.77970156E+00 4.83000008E-03 1.99638602E-02 4.43761055E-01
 5.02500000E+00 2.50011170E-01 1.74055986E+00 4.50212715E-03 1.88678992E-02 4.35524330E-01
 5.12500000E+00 2.54986517E-01 1.70254825E+00 4.20029641E-03 1.78414969E-02 4.27455550E-01
 5.22500000E+00 2.59961864E-01 1.66562075E+00 3.92208434E-03 1.68793903E-02 4.19551152E-01
 5.32500000E+00 2.64937210E-01 1.62973376E+00 3.66532760E-03 1.59767884E-02 4.11807568E-01
 5.42500000E+00 2.69912557E-01 1.59484591E+00 3.42809137E-03 1.51293230E-02 4.04221247E-01
 5.52500000E+00 2.74887904E-01 1.56091796E+00 3.20864208E-03 1.43330055E-02 3.96788660E-01
 5.62500000E+00 2.79863250E-01 1.52791263E+00 3.00542366E-03 1.35841886E-02 3.89506308E-01
 5.72500000E+00 2.84838597E-01 1.49579451E+00 2.81703697E-03 1.28795322E-02 3.82370736E-01
 5.82500000E+00 2.89813944E-01 1.46452991E+00 2.64222190E-03 1.22159741E-02 3.75378531E-01
 5.92500000E+00 2.94789290E-01 1.43408683E+00 2.47984168E-03 1.15907022E-02 3.68526335E-01
 6.02500000E+00 2.99764637E-01 1.40443478E+00 2.32886920E-03 1.10011318E-02 3.61810842E-01
 6.12500000E+00 3.04739984E-01 1.37554474E+00 2.18837507E-03 1.04448833E-02 3.55228809E-01
 6.22500000E+00 3.09715330E-01 1.34738907E+00 2.05751701E-03 9.91976431E-03 3.48777052E-01
 6.32500000E+00 3.14690677E-01 1.31994141E+00 1.93553065E-03 9.42375166E-03 3.42452451E-01
 6.42500000E+00 3.19666024E-01 1.29317664E+00 1.82172134E-03 8.95497682E-03 3.36251952E-01
 6.52500000E+00 3.24641370E-01 1.26707077E+00 1.71545696E-03 8.51171200E-03 3.30172569E-01
 6.62500000E+00 3.29616717E-01 1.24160091E+00 1.61616150E-03 8.09235785E-03 3.24211379E-01
 6.72500000E+00 3.34592064E-01 1.21674520E+00 1.52330945E-03 7.69543243E-03 3.18365532E-01
 6.82500000E+00 3.39567410E-01 1.19248275E+00 1.43642078E-03 7.31956116E-03 3.12632239E-01
 6.92500000E+00 3.44542757E-01 1.16879358E+00 1.35505647E-03 6.96346787E-03 3.07008784E-01
 7.02500000E+00 3.49518104E-01 1.14565860E+00 1.27881454E-03 6.62596658E-03 3.01492514E-01
 7.12500000E+00 3.54493450E-01 1.12305953E+00 1.20732652E-03 6.30595412E-03 2.96080844E-01
 7.22500000E+00 3.59468797E-01 1.10097886E+00 1.14025426E-03 6.00240343E-03 2.90771254E-01
 7.32500000E+00 3.64444144E-01 1.07939984E+00 1.07728714E-03 5.71435747E-03 2.85561287E-01
 7.42500000E+00 3.69419490E-01 1.05830641E+00 1.01813951E-03 5.44092368E-03 2.80448551E-01
 7.52500000E+00 3.74394837E-01 1.03768317E+00 9.62548427E-04 5.18126893E-03 2.75430716E-01
 7.62500000E+00 3.79370184E-01 1.01751536E+00 9.10271604E-04 4.93461492E-03 2.70505513E-01
 7.72500000E+00 3.84345530E-01 9.97788813E-01 8.61085579E-04 4.70023397E-03 2.65670731E-01
 7.82500000E+00 3.89320877E-01 9.78489942E-01 8.14784060E-04 4.47744518E-03 2.60924222E-01
 7.92500000E+00 3.94296224E-01 9.59605693E-01 7.71176435E-04 4.26561091E-03 2.56263890E-01
 8.02500000E+00 3.99271570E-01 9.41123527E-01 7.30086421E-04 4.06413352E-03 2.51687699E-01
 8.12500000E+00 4.04246917E-01 9.23031398E-01 6.91350849E-04 3.87245238E-03 2.47193666E-01
 8.22500000E+00 4.09222264E-01 9.05317725E-01 6.54818561E-04 3.69004109E-03 2.42779861E-01
 8.32500000E+00 4.14197610E-01 8.87971370E-01 6.20349413E-04 3.51640487E-03 2.38444406E-01
 8.42500000E+00 4.19172957E-01 8.70981622E-01 5.87813368E-04 3.35107811E-03 2.34185475E-01
 8.52500000E+00 4.24148304E-01 8.54338169E-01 5.57089671E-04 3.19362190E-03 2.30001290E-01
 8.62500000E+00 4.29123650E-01 8.38031088E-01 5.28066106E-04 3.04362146E-03 2.25890122E-01
 8.72500000E+00 4.34098997E-01 8.22050819E-01 5.00638313E-04 2.90068295E-03 2.21850286E-01
 8.82500000E+00 4.39074344E-01 8.06388156E-01 4.74709168E-04 2.76442811E-03 2.17880145E-01
 8.92500000E+00 4.44049691E-01 7.91034226E-01 4.50188216E-04 2.63447994E-03 2.13978106E-01
 9.02500000E+00 4.49025037E-01 7.75980475E-01 4.26991159E-04 2.51039089E-03 2.10142618E-01
 9.12500000E+00 4.54000384E-01 7.61218656E-01 4.05039381E-04 2.38900281E-03 2.06372172E-01
 9.27500000E+00 4.61463404E-01 7.39605972E-01 3.74287468E-04 2.22544198E-03 2.00835255E-01
 9.37500000E+00 4.66438751E-01 7.25539783E-01 3.55138449E-04 2.12019236E-03 1.97221075E-01
 9.47500000E+00 4.71414097E-01 7.11738876E-01 3.36998407E-04 2.01956119E-03 1.93666966E-01
 9.57500000E+00 4.76389444E-01 6.98196221E-01 3.19809462E-04 1.92320927E-03 1.90171594E-01
 9.67500000E+00 4.81364791E-01 6.84905029E-01 3.03517452E-04 1.83073237E-03 1.86733657E-01
 9.77500000E+00 4.86340137E-01 6.71858737E-01 2.88071665E-04 1.74156925E-03 1.83351891E-01
 9.87500000E+00 4.91315484E-01 6.59051007E-01 2.73424591E-04 1.65473055E-03 1.80025062E-01
 9.97500000E+00 4.96290831E-01 6.46475709E-01 2.59531698E-04 1.56764413E-03 1.76751970E-01
 1.00750000E+01 5.01266177E-01 6.34126915E-01 2.46351218E-04 1.44926637E-03 1.73531449E-01
 1.10750000E+01 5.51019644E-01 5.21922052E-01 1.46174443E-04 8.79006469E-04 1.43981308E-01
 1.20750000E+01 6.00773111E-01 4.27077839E-01 8.59879245E-05 5.21124198E-04 1.18604754E-01
 1.30750000E+01 6.50526577E-01 3.46015810E-01 4.95696231E-05 2.98281514E-04 9.66317577E-02
 1.40750000E+01 7.00280044E-01 2.76051033E-01 2.75948943E-05 1.62118480E-04 7.74598245E-02
 1.50750000E+01 7.50033511E-01 2.15132138E-01 1.45297839E-05 8.16455627E-05 6.06127517E-02
 1.60750000E+01 7.99786978E-01 1.61667029E-01 7.00187056E-06 3.64282995E-05 4.57105054E-02
 1.71375000E+01 8.52650036E-01 1.11631060E-01 2.73387260E-06 1.26432034E-05 3.16665689E-02
 1.81375000E+01 9.02403503E-01 6.98677410E-02 8.37047417E-07 3.20747485E-06 1.98731772E-02
 1.91375000E+01 9.52156969E-01 3.24611022E-02 1.21839200E-07 3.71019757E-07 9.25543719E-03
 1.92375000E+01 9.57132316E-01 2.89341974E-02 9.12993557E-08 2.63252498E-07 8.25169228E-03
 1.93375000E+01 9.62107663E-01 2.54437618E-02 6.61389709E-08 1.79173956E-07 7.25787904E-03
 1.94375000E+01 9.67083009E-01 2.19892346E-02 4.58774369E-08 1.15593535E-07 6.27385202E-03
 1.95375000E+01 9.72058356E-01 1.85700664E-02 3.00387511E-08 6.94391378E-08 5.29946850E-03
 1.96375000E+01 9.77033703E-01 1.51857183E-02 1.81474458E-08 3.77520343E-08 4.33458839E-03
 1.97375000E+01 9.82009049E-01 1.18356621E-02 9.72281393E-09 1.76813431E-08 3.37907423E-03
 1.98375000E+01 9.86984396E-01 8.51938003E-03 4.26990679E-09 6.47724421E-09 2.43279108E-03
 1.99375000E+01 9.91959743E-01 5.23636432E-03 1.26347089E-09 1.47963409E-09 1.49560649E-03
 2.00375000E+01 9.96935089E-01 1.98611721E-03 1.11840539E-10 8.54802944E-11 5.67390493E-04
 2.00525000E+01 9.97681391E-01 1.50137614E-03 5.55585206E-11 3.61086796E-11 4.28923717E-04
 2.00675000E+01 9.98427693E-01 1.01735973E-03 2.09968038E-11 1.13360696E-11 2.90655433E-04
 2.00775000E+01 9.98925228E-01 6.95083919E-04 8.10065127E-12 3.54015249E-12 1.98586641E-04
 2.00875000E+01 9.99422763E-01 3.73128977E-04 1.71015047E-12 5.79722735E-13 1.06605754E-04
 2.00975000E+01 9.99920297E-01 5.14944284E-05 1.20989470E-14 1.57838148E-15 1.47126458E-05
 2.00990000E+01 9.99994928E-01 3.27685050E-06 1.23589779E-17 3.71146923E-19 9.36242809E-07
 2.00990500E+01 9.99997415E-01 1.66972185E-06 2.29060979E-18 5.45167414E-20 4.77063337E-07
 2.00991000E+01 9.99999903E-01 6.26011948E-08 6.23443561E-22 2.78438843E-24 1.78860557E-08
 2.00991003E+01 9.99999915E-01 5.45656116E-08 4.42219772E-22 1.83327818E-24 1.55901748E-08
 2.00991005E+01 9.99999928E-01 4.65300286E-08 2.96943543E-22 1.12796036E-24 1.32942939E-08
 2.00991008E+01 9.99999940E-01 3.84944458E-08 1.84856942E-22 6.31796579E-25 1.09984131E-08
 2.00991010E+01 9.99999953E-01 3.04588633E-08 1.02949635E-22 3.08094256E-25 8.70253238E-09
 2.00991013E+01 9.99999965E-01 2.24232809E-08 4.78727611E-23 1.20066592E-25 6.40665170E-09
 2.00991015E+01 9.99999978E-01 1.43876987E-08 1.57877019E-23 3.07293745E-26 4.11077107E-09
 2.00991018E+01 9.99999990E-01 6.35211671E-09 2.04473370E-24 2.91090434E-27 1.81489050E-09
 2.00991018E+01 9.99999991E-01 5.54855852E-09 1.45811242E-24 1.92933934E-27 1.58530244E-09
 2.00991018E+01 9.99999993E-01 4.74500034E-09 9.86123257E-25 1.19776408E-27 1.35571439E-09
 2.00991018E+01 9.99999994E-01 3.94144216E-09 6.20123909E-25 6.79547448E-28 1.12612634E-09
 2.00991018E+01 9.99999995E-01 3.13788398E-09 3.50697594E-25 3.38009281E-28 8.96538284E-10
 2.00991019E+01 9.99999996E-01 2.33432580E-09 1.67395685E-25 1.36386930E-28 6.66950233E-10
 2.00991019E+01 9.99999998E-01 1.53076763E-09 5.82926442E-26 3.77551049E-29 4.37362182E-10
 2.00991019E+01 9.99999999E-01 7.27209457E-10 9.06753783E-27 4.70830855E-30 2.07774131E-10
 2.00991019E+01 1.00000000E+00 -7.63487141E-11 0.00000000E+00 0.00000000E+00 2.07774131E-10
