  x=r/r_k	  xi=r/r_t 	  w		  rho/rho_0	  SD		  v2		logc=  1.64835879E+00
  0.00000000E+00  0.00000000E+00  7.40000000E+00  1.00000000E+00  1.00000000E+00  9.72289879E-01
  1.00000000E-05  2.24719731E-07  7.40000000E+00  1.00000000E+00  1.00000000E+00  9.72289879E-01
  1.10000000E-05  2.47191704E-07  7.40000000E+00  1.00000000E+00  1.00000000E+00  9.72289879E-01
  1.20000000E-05  2.69663677E-07  7.40000000E+00  1.00000000E+00  1.00000000E+00  9.72289879E-01
  1.30000000E-05  2.92135650E-07  7.40000000E+00  1.00000000E+00  1.00000000E+00  9.72289879E-01
  1.40000000E-05  3.14607624E-07  7.40000000E+00  1.00000000E+00  1.00000000E+00  9.72289879E-01
  1.50000000E-05  3.37079597E-07  7.40000000E+00  1.00000000E+00  1.00000000E+00  9.72289879E-01
  1.60000000E-05  3.59551570E-07  7.40000000E+00  1.00000000E+00  1.00000000E+00  9.72289879E-01
  1.70000000E-05  3.82023543E-07  7.40000000E+00  1.00000000E+00  1.00000000E+00  9.72289879E-01
  1.80000000E-05  4.04495516E-07  7.40000000E+00  1.00000000E+00  1.00000000E+00  9.72289879E-01
  1.90000000E-05  4.26967489E-07  7.40000000E+00  9.99999999E-01  1.00000000E+00  9.72289879E-01
  2.00000000E-05  4.49439462E-07  7.40000000E+00  9.99999999E-01  1.00000000E+00  9.72289879E-01
  2.10000000E-05  4.71911435E-07  7.40000000E+00  9.99999999E-01  1.00000000E+00  9.72289879E-01
  2.20000000E-05  4.94383408E-07  7.40000000E+00  9.99999999E-01  9.99999999E-01  9.72289879E-01
  2.30000000E-05  5.16855382E-07  7.40000000E+00  9.99999999E-01  9.99999999E-01  9.72289879E-01
  2.40000000E-05  5.39327355E-07  7.40000000E+00  9.99999999E-01  9.99999999E-01  9.72289879E-01
  2.50000000E-05  5.61799328E-07  7.40000000E+00  9.99999999E-01  9.99999999E-01  9.72289879E-01
  2.60000000E-05  5.84271301E-07  7.40000000E+00  9.99999999E-01  9.99999999E-01  9.72289879E-01
  2.70000000E-05  6.06743274E-07  7.40000000E+00  9.99999999E-01  9.99999999E-01  9.72289879E-01
  2.80000000E-05  6.29215247E-07  7.40000000E+00  9.99999999E-01  9.99999999E-01  9.72289879E-01
  2.90000000E-05  6.51687220E-07  7.40000000E+00  9.99999999E-01  9.99999999E-01  9.72289879E-01
  3.00000000E-05  6.74159193E-07  7.40000000E+00  9.99999999E-01  9.99999999E-01  9.72289879E-01
  3.10000000E-05  6.96631166E-07  7.40000000E+00  9.99999999E-01  9.99999999E-01  9.72289879E-01
  3.20000000E-05  7.19103140E-07  7.40000000E+00  9.99999998E-01  9.99999999E-01  9.72289879E-01
  3.30000000E-05  7.41575113E-07  7.40000000E+00  9.99999998E-01  9.99999999E-01  9.72289879E-01
  3.40000000E-05  7.64047086E-07  7.40000000E+00  9.99999998E-01  9.99999999E-01  9.72289879E-01
  3.50000000E-05  7.86519059E-07  7.40000000E+00  9.99999998E-01  9.99999999E-01  9.72289879E-01
  3.60000000E-05  8.08991032E-07  7.40000000E+00  9.99999998E-01  9.99999999E-01  9.72289879E-01
  3.70000000E-05  8.31463005E-07  7.40000000E+00  9.99999998E-01  9.99999999E-01  9.72289879E-01
  3.80000000E-05  8.53934978E-07  7.40000000E+00  9.99999998E-01  9.99999998E-01  9.72289879E-01
  3.90000000E-05  8.76406951E-07  7.40000000E+00  9.99999998E-01  9.99999998E-01  9.72289879E-01
  4.00000000E-05  8.98878924E-07  7.40000000E+00  9.99999998E-01  9.99999998E-01  9.72289879E-01
  4.10000000E-05  9.21350898E-07  7.40000000E+00  9.99999997E-01  9.99999998E-01  9.72289879E-01
  4.20000000E-05  9.43822871E-07  7.40000000E+00  9.99999997E-01  9.99999998E-01  9.72289879E-01
  4.30000000E-05  9.66294844E-07  7.40000000E+00  9.99999997E-01  9.99999998E-01  9.72289879E-01
  4.40000000E-05  9.88766817E-07  7.40000000E+00  9.99999997E-01  9.99999998E-01  9.72289879E-01
  4.50000000E-05  1.01123879E-06  7.40000000E+00  9.99999997E-01  9.99999998E-01  9.72289879E-01
  4.60000000E-05  1.03371076E-06  7.40000000E+00  9.99999997E-01  9.99999998E-01  9.72289879E-01
  4.70000000E-05  1.05618274E-06  7.40000000E+00  9.99999997E-01  9.99999998E-01  9.72289879E-01
  4.80000000E-05  1.07865471E-06  7.40000000E+00  9.99999997E-01  9.99999998E-01  9.72289879E-01
  4.90000000E-05  1.10112668E-06  7.40000000E+00  9.99999996E-01  9.99999997E-01  9.72289879E-01
  5.00000000E-05  1.12359866E-06  7.40000000E+00  9.99999996E-01  9.99999997E-01  9.72289879E-01
  5.10000000E-05  1.14607063E-06  7.40000000E+00  9.99999996E-01  9.99999997E-01  9.72289879E-01
  5.20000000E-05  1.16854260E-06  7.40000000E+00  9.99999996E-01  9.99999997E-01  9.72289879E-01
  5.30000000E-05  1.19101457E-06  7.40000000E+00  9.99999996E-01  9.99999997E-01  9.72289879E-01
  5.40000000E-05  1.21348655E-06  7.40000000E+00  9.99999996E-01  9.99999997E-01  9.72289879E-01
  5.50000000E-05  1.23595852E-06  7.40000000E+00  9.99999995E-01  9.99999997E-01  9.72289879E-01
  5.60000000E-05  1.25843049E-06  7.40000000E+00  9.99999995E-01  9.99999997E-01  9.72289879E-01
  5.70000000E-05  1.28090247E-06  7.40000000E+00  9.99999995E-01  9.99999997E-01  9.72289879E-01
  5.80000000E-05  1.30337444E-06  7.39999999E+00  9.99999995E-01  9.99999996E-01  9.72289879E-01
  5.90000000E-05  1.32584641E-06  7.39999999E+00  9.99999995E-01  9.99999996E-01  9.72289879E-01
  6.00000000E-05  1.34831839E-06  7.39999999E+00  9.99999995E-01  9.99999996E-01  9.72289879E-01
  6.10000000E-05  1.37079036E-06  7.39999999E+00  9.99999994E-01  9.99999996E-01  9.72289879E-01
  6.20000000E-05  1.39326233E-06  7.39999999E+00  9.99999994E-01  9.99999996E-01  9.72289879E-01
  6.30000000E-05  1.41573431E-06  7.39999999E+00  9.99999994E-01  9.99999996E-01  9.72289879E-01
  6.40000000E-05  1.43820628E-06  7.39999999E+00  9.99999994E-01  9.99999996E-01  9.72289879E-01
  6.50000000E-05  1.46067825E-06  7.39999999E+00  9.99999994E-01  9.99999996E-01  9.72289879E-01
  6.60000000E-05  1.48315023E-06  7.39999999E+00  9.99999993E-01  9.99999995E-01  9.72289879E-01
  6.70000000E-05  1.50562220E-06  7.39999999E+00  9.99999993E-01  9.99999995E-01  9.72289879E-01
  6.80000000E-05  1.52809417E-06  7.39999999E+00  9.99999993E-01  9.99999995E-01  9.72289879E-01
  6.90000000E-05  1.55056614E-06  7.39999999E+00  9.99999993E-01  9.99999995E-01  9.72289879E-01
  7.00000000E-05  1.57303812E-06  7.39999999E+00  9.99999993E-01  9.99999995E-01  9.72289879E-01
  7.10000000E-05  1.59551009E-06  7.39999999E+00  9.99999992E-01  9.99999995E-01  9.72289879E-01
  7.20000000E-05  1.61798206E-06  7.39999999E+00  9.99999992E-01  9.99999995E-01  9.72289879E-01
  7.30000000E-05  1.64045404E-06  7.39999999E+00  9.99999992E-01  9.99999994E-01  9.72289879E-01
  7.40000000E-05  1.66292601E-06  7.39999999E+00  9.99999992E-01  9.99999994E-01  9.72289879E-01
  7.50000000E-05  1.68539798E-06  7.39999999E+00  9.99999991E-01  9.99999994E-01  9.72289879E-01
  7.60000000E-05  1.70786996E-06  7.39999999E+00  9.99999991E-01  9.99999994E-01  9.72289879E-01
  7.70000000E-05  1.73034193E-06  7.39999999E+00  9.99999991E-01  9.99999994E-01  9.72289879E-01
  7.80000000E-05  1.75281390E-06  7.39999999E+00  9.99999991E-01  9.99999994E-01  9.72289879E-01
  7.90000000E-05  1.77528588E-06  7.39999999E+00  9.99999991E-01  9.99999993E-01  9.72289879E-01
  8.00000000E-05  1.79775785E-06  7.39999999E+00  9.99999990E-01  9.99999993E-01  9.72289879E-01
  8.10000000E-05  1.82022982E-06  7.39999999E+00  9.99999990E-01  9.99999993E-01  9.72289879E-01
  8.20000000E-05  1.84270180E-06  7.39999999E+00  9.99999990E-01  9.99999993E-01  9.72289879E-01
  8.30000000E-05  1.86517377E-06  7.39999999E+00  9.99999990E-01  9.99999993E-01  9.72289879E-01
  8.40000000E-05  1.88764574E-06  7.39999999E+00  9.99999989E-01  9.99999993E-01  9.72289879E-01
  8.50000000E-05  1.91011771E-06  7.39999999E+00  9.99999989E-01  9.99999992E-01  9.72289879E-01
  8.60000000E-05  1.93258969E-06  7.39999999E+00  9.99999989E-01  9.99999992E-01  9.72289879E-01
  8.70000000E-05  1.95506166E-06  7.39999999E+00  9.99999989E-01  9.99999992E-01  9.72289879E-01
  8.80000000E-05  1.97753363E-06  7.39999999E+00  9.99999988E-01  9.99999992E-01  9.72289879E-01
  8.90000000E-05  2.00000561E-06  7.39999999E+00  9.99999988E-01  9.99999992E-01  9.72289879E-01
  9.00000000E-05  2.02247758E-06  7.39999999E+00  9.99999988E-01  9.99999992E-01  9.72289879E-01
  9.10000000E-05  2.04494955E-06  7.39999999E+00  9.99999987E-01  9.99999991E-01  9.72289879E-01
  9.20000000E-05  2.06742153E-06  7.39999999E+00  9.99999987E-01  9.99999991E-01  9.72289879E-01
  9.30000000E-05  2.08989350E-06  7.39999999E+00  9.99999987E-01  9.99999991E-01  9.72289879E-01
  9.40000000E-05  2.11236547E-06  7.39999999E+00  9.99999987E-01  9.99999991E-01  9.72289879E-01
  9.50000000E-05  2.13483745E-06  7.39999999E+00  9.99999986E-01  9.99999991E-01  9.72289879E-01
  9.60000000E-05  2.15730942E-06  7.39999999E+00  9.99999986E-01  9.99999990E-01  9.72289879E-01
  9.70000000E-05  2.17978139E-06  7.39999999E+00  9.99999986E-01  9.99999990E-01  9.72289879E-01
  9.80000000E-05  2.20225336E-06  7.39999999E+00  9.99999985E-01  9.99999990E-01  9.72289879E-01
  9.90000000E-05  2.22472534E-06  7.39999999E+00  9.99999985E-01  9.99999990E-01  9.72289879E-01
  1.00000000E-04  2.24719731E-06  7.39999999E+00  9.99999985E-01  9.99999990E-01  9.72289879E-01
  1.10000000E-04  2.47191704E-06  7.39999998E+00  9.99999982E-01  9.99999987E-01  9.72289879E-01
  1.20000000E-04  2.69663677E-06  7.39999998E+00  9.99999978E-01  9.99999985E-01  9.72289879E-01
  1.30000000E-04  2.92135650E-06  7.39999997E+00  9.99999974E-01  9.99999982E-01  9.72289879E-01
  1.40000000E-04  3.14607624E-06  7.39999997E+00  9.99999970E-01  9.99999980E-01  9.72289879E-01
  1.50000000E-04  3.37079597E-06  7.39999997E+00  9.99999966E-01  9.99999977E-01  9.72289879E-01
  1.60000000E-04  3.59551570E-06  7.39999996E+00  9.99999961E-01  9.99999973E-01  9.72289879E-01
  1.70000000E-04  3.82023543E-06  7.39999996E+00  9.99999956E-01  9.99999970E-01  9.72289879E-01
  1.80000000E-04  4.04495516E-06  7.39999995E+00  9.99999951E-01  9.99999966E-01  9.72289878E-01
  1.90000000E-04  4.26967489E-06  7.39999995E+00  9.99999945E-01  9.99999962E-01  9.72289878E-01
  2.00000000E-04  4.49439462E-06  7.39999994E+00  9.99999939E-01  9.99999958E-01  9.72289878E-01
  2.10000000E-04  4.71911435E-06  7.39999993E+00  9.99999933E-01  9.99999954E-01  9.72289878E-01
  2.20000000E-04  4.94383408E-06  7.39999993E+00  9.99999927E-01  9.99999949E-01  9.72289878E-01
  2.30000000E-04  5.16855382E-06  7.39999992E+00  9.99999920E-01  9.99999945E-01  9.72289878E-01
  2.40000000E-04  5.39327355E-06  7.39999991E+00  9.99999913E-01  9.99999940E-01  9.72289878E-01
  2.50000000E-04  5.61799328E-06  7.39999991E+00  9.99999905E-01  9.99999935E-01  9.72289878E-01
  2.60000000E-04  5.84271301E-06  7.39999990E+00  9.99999898E-01  9.99999929E-01  9.72289877E-01
  2.70000000E-04  6.06743274E-06  7.39999989E+00  9.99999890E-01  9.99999924E-01  9.72289877E-01
  2.80000000E-04  6.29215247E-06  7.39999988E+00  9.99999881E-01  9.99999918E-01  9.72289877E-01
  2.90000000E-04  6.51687220E-06  7.39999987E+00  9.99999873E-01  9.99999912E-01  9.72289877E-01
  3.00000000E-04  6.74159193E-06  7.39999987E+00  9.99999864E-01  9.99999906E-01  9.72289877E-01
  3.10000000E-04  6.96631166E-06  7.39999986E+00  9.99999855E-01  9.99999900E-01  9.72289877E-01
  3.20000000E-04  7.19103140E-06  7.39999985E+00  9.99999845E-01  9.99999893E-01  9.72289877E-01
  3.30000000E-04  7.41575113E-06  7.39999984E+00  9.99999835E-01  9.99999886E-01  9.72289876E-01
  3.40000000E-04  7.64047086E-06  7.39999983E+00  9.99999825E-01  9.99999879E-01  9.72289876E-01
  3.50000000E-04  7.86519059E-06  7.39999982E+00  9.99999815E-01  9.99999872E-01  9.72289876E-01
  3.60000000E-04  8.08991032E-06  7.39999981E+00  9.99999804E-01  9.99999865E-01  9.72289876E-01
  3.70000000E-04  8.31463005E-06  7.39999979E+00  9.99999793E-01  9.99999857E-01  9.72289876E-01
  3.80000000E-04  8.53934978E-06  7.39999978E+00  9.99999781E-01  9.99999849E-01  9.72289875E-01
  3.90000000E-04  8.76406951E-06  7.39999977E+00  9.99999770E-01  9.99999841E-01  9.72289875E-01
  4.00000000E-04  8.98878924E-06  7.39999976E+00  9.99999758E-01  9.99999833E-01  9.72289875E-01
  4.10000000E-04  9.21350898E-06  7.39999975E+00  9.99999745E-01  9.99999825E-01  9.72289875E-01
  4.20000000E-04  9.43822871E-06  7.39999974E+00  9.99999733E-01  9.99999816E-01  9.72289874E-01
  4.30000000E-04  9.66294844E-06  7.39999972E+00  9.99999720E-01  9.99999807E-01  9.72289874E-01
  4.40000000E-04  9.88766817E-06  7.39999971E+00  9.99999707E-01  9.99999798E-01  9.72289874E-01
  4.50000000E-04  1.01123879E-05  7.39999970E+00  9.99999693E-01  9.99999789E-01  9.72289874E-01
  4.60000000E-04  1.03371076E-05  7.39999968E+00  9.99999680E-01  9.99999779E-01  9.72289873E-01
  4.70000000E-04  1.05618274E-05  7.39999967E+00  9.99999666E-01  9.99999769E-01  9.72289873E-01
  4.80000000E-04  1.07865471E-05  7.39999965E+00  9.99999651E-01  9.99999759E-01  9.72289873E-01
  4.90000000E-04  1.10112668E-05  7.39999964E+00  9.99999636E-01  9.99999749E-01  9.72289873E-01
  5.00000000E-04  1.12359866E-05  7.39999963E+00  9.99999621E-01  9.99999739E-01  9.72289872E-01
  5.10000000E-04  1.14607063E-05  7.39999961E+00  9.99999606E-01  9.99999728E-01  9.72289872E-01
  5.20000000E-04  1.16854260E-05  7.39999959E+00  9.99999591E-01  9.99999718E-01  9.72289872E-01
  5.30000000E-04  1.19101457E-05  7.39999958E+00  9.99999575E-01  9.99999707E-01  9.72289872E-01
  5.40000000E-04  1.21348655E-05  7.39999956E+00  9.99999559E-01  9.99999696E-01  9.72289871E-01
  5.50000000E-04  1.23595852E-05  7.39999955E+00  9.99999542E-01  9.99999684E-01  9.72289871E-01
  5.60000000E-04  1.25843049E-05  7.39999953E+00  9.99999525E-01  9.99999673E-01  9.72289871E-01
  5.70000000E-04  1.28090247E-05  7.39999951E+00  9.99999508E-01  9.99999661E-01  9.72289870E-01
  5.80000000E-04  1.30337444E-05  7.39999950E+00  9.99999491E-01  9.99999649E-01  9.72289870E-01
  5.90000000E-04  1.32584641E-05  7.39999948E+00  9.99999473E-01  9.99999637E-01  9.72289870E-01
  6.00000000E-04  1.34831839E-05  7.39999946E+00  9.99999455E-01  9.99999624E-01  9.72289869E-01
  6.10000000E-04  1.37079036E-05  7.39999944E+00  9.99999437E-01  9.99999612E-01  9.72289869E-01
  6.20000000E-04  1.39326233E-05  7.39999942E+00  9.99999418E-01  9.99999599E-01  9.72289869E-01
  6.30000000E-04  1.41573431E-05  7.39999940E+00  9.99999399E-01  9.99999586E-01  9.72289868E-01
  6.40000000E-04  1.43820628E-05  7.39999939E+00  9.99999380E-01  9.99999572E-01  9.72289868E-01
  6.50000000E-04  1.46067825E-05  7.39999937E+00  9.99999360E-01  9.99999559E-01  9.72289868E-01
  6.60000000E-04  1.48315023E-05  7.39999935E+00  9.99999340E-01  9.99999545E-01  9.72289867E-01
  6.70000000E-04  1.50562220E-05  7.39999933E+00  9.99999320E-01  9.99999531E-01  9.72289867E-01
  6.80000000E-04  1.52809417E-05  7.39999931E+00  9.99999300E-01  9.99999517E-01  9.72289866E-01
  6.90000000E-04  1.55056614E-05  7.39999929E+00  9.99999279E-01  9.99999503E-01  9.72289866E-01
  7.00000000E-04  1.57303812E-05  7.39999927E+00  9.99999258E-01  9.99999488E-01  9.72289866E-01
  7.10000000E-04  1.59551009E-05  7.39999924E+00  9.99999237E-01  9.99999474E-01  9.72289865E-01
  7.20000000E-04  1.61798206E-05  7.39999922E+00  9.99999215E-01  9.99999459E-01  9.72289865E-01
  7.30000000E-04  1.64045404E-05  7.39999920E+00  9.99999193E-01  9.99999444E-01  9.72289864E-01
  7.40000000E-04  1.66292601E-05  7.39999918E+00  9.99999171E-01  9.99999428E-01  9.72289864E-01
  7.50000000E-04  1.68539798E-05  7.39999916E+00  9.99999148E-01  9.99999413E-01  9.72289864E-01
  7.60000000E-04  1.70786996E-05  7.39999913E+00  9.99999125E-01  9.99999397E-01  9.72289863E-01
  7.70000000E-04  1.73034193E-05  7.39999911E+00  9.99999102E-01  9.99999381E-01  9.72289863E-01
  7.80000000E-04  1.75281390E-05  7.39999909E+00  9.99999079E-01  9.99999365E-01  9.72289862E-01
  7.90000000E-04  1.77528588E-05  7.39999906E+00  9.99999055E-01  9.99999348E-01  9.72289862E-01
  8.00000000E-04  1.79775785E-05  7.39999904E+00  9.99999031E-01  9.99999332E-01  9.72289862E-01
  8.10000000E-04  1.82022982E-05  7.39999902E+00  9.99999007E-01  9.99999315E-01  9.72289861E-01
  8.20000000E-04  1.84270180E-05  7.39999899E+00  9.99998982E-01  9.99999298E-01  9.72289861E-01
  8.30000000E-04  1.86517377E-05  7.39999897E+00  9.99998957E-01  9.99999281E-01  9.72289860E-01
  8.40000000E-04  1.88764574E-05  7.39999894E+00  9.99998932E-01  9.99999263E-01  9.72289860E-01
  8.50000000E-04  1.91011771E-05  7.39999892E+00  9.99998906E-01  9.99999246E-01  9.72289859E-01
  8.60000000E-04  1.93258969E-05  7.39999889E+00  9.99998880E-01  9.99999228E-01  9.72289859E-01
  8.70000000E-04  1.95506166E-05  7.39999886E+00  9.99998854E-01  9.99999210E-01  9.72289858E-01
  8.80000000E-04  1.97753363E-05  7.39999884E+00  9.99998828E-01  9.99999192E-01  9.72289858E-01
  8.90000000E-04  2.00000561E-05  7.39999881E+00  9.99998801E-01  9.99999173E-01  9.72289857E-01
  9.00000000E-04  2.02247758E-05  7.39999879E+00  9.99998774E-01  9.99999154E-01  9.72289857E-01
  9.10000000E-04  2.04494955E-05  7.39999876E+00  9.99998746E-01  9.99999136E-01  9.72289856E-01
  9.20000000E-04  2.06742153E-05  7.39999873E+00  9.99998719E-01  9.99999116E-01  9.72289856E-01
  9.30000000E-04  2.08989350E-05  7.39999870E+00  9.99998691E-01  9.99999097E-01  9.72289855E-01
  9.40000000E-04  2.11236547E-05  7.39999867E+00  9.99998662E-01  9.99999078E-01  9.72289855E-01
  9.50000000E-04  2.13483745E-05  7.39999865E+00  9.99998634E-01  9.99999058E-01  9.72289854E-01
  9.60000000E-04  2.15730942E-05  7.39999862E+00  9.99998605E-01  9.99999038E-01  9.72289854E-01
  9.70000000E-04  2.17978139E-05  7.39999859E+00  9.99998575E-01  9.99999018E-01  9.72289853E-01
  9.80000000E-04  2.20225336E-05  7.39999856E+00  9.99998546E-01  9.99998997E-01  9.72289853E-01
  9.90000000E-04  2.22472534E-05  7.39999853E+00  9.99998516E-01  9.99998977E-01  9.72289852E-01
  1.00000000E-03  2.24719731E-05  7.39999850E+00  9.99998486E-01  9.99998956E-01  9.72289851E-01
  1.15000000E-03  2.58427691E-05  7.39999802E+00  9.99997998E-01  9.99998619E-01  9.72289842E-01
  1.30000000E-03  2.92135650E-05  7.39999747E+00  9.99997441E-01  9.99998236E-01  9.72289832E-01
  1.40000000E-03  3.14607624E-05  7.39999706E+00  9.99997032E-01  9.99997954E-01  9.72289825E-01
  1.50000000E-03  3.37079597E-05  7.39999663E+00  9.99996593E-01  9.99997651E-01  9.72289817E-01
  1.60000000E-03  3.59551570E-05  7.39999616E+00  9.99996124E-01  9.99997328E-01  9.72289808E-01
  1.70000000E-03  3.82023543E-05  7.39999567E+00  9.99995624E-01  9.99996983E-01  9.72289799E-01
  1.80000000E-03  4.04495516E-05  7.39999514E+00  9.99995095E-01  9.99996618E-01  9.72289789E-01
  1.90000000E-03  4.26967489E-05  7.39999459E+00  9.99994534E-01  9.99996231E-01  9.72289779E-01
  2.00000000E-03  4.49439462E-05  7.39999400E+00  9.99993944E-01  9.99995824E-01  9.72289768E-01
  2.10000000E-03  4.71911435E-05  7.39999339E+00  9.99993323E-01  9.99995396E-01  9.72289756E-01
  2.20000000E-03  4.94383408E-05  7.39999274E+00  9.99992672E-01  9.99994947E-01  9.72289744E-01
  2.30000000E-03  5.16855382E-05  7.39999207E+00  9.99991991E-01  9.99994478E-01  9.72289732E-01
  2.40000000E-03  5.39327355E-05  7.39999136E+00  9.99991279E-01  9.99993987E-01  9.72289719E-01
  2.50000000E-03  5.61799328E-05  7.39999063E+00  9.99990537E-01  9.99993476E-01  9.72289705E-01
  2.60000000E-03  5.84271301E-05  7.39998986E+00  9.99989765E-01  9.99992943E-01  9.72289691E-01
  2.70000000E-03  6.06743274E-05  7.39998907E+00  9.99988963E-01  9.99992390E-01  9.72289676E-01
  2.80000000E-03  6.29215247E-05  7.39998824E+00  9.99988130E-01  9.99991816E-01  9.72289661E-01
  2.90000000E-03  6.51687220E-05  7.39998739E+00  9.99987267E-01  9.99991221E-01  9.72289645E-01
  3.00000000E-03  6.74159193E-05  7.39998650E+00  9.99986374E-01  9.99990605E-01  9.72289628E-01
  3.10000000E-03  6.96631166E-05  7.39998559E+00  9.99985450E-01  9.99989968E-01  9.72289611E-01
  3.20000000E-03  7.19103140E-05  7.39998464E+00  9.99984496E-01  9.99989310E-01  9.72289594E-01
  3.30000000E-03  7.41575113E-05  7.39998367E+00  9.99983512E-01  9.99988632E-01  9.72289575E-01
  3.40000000E-03  7.64047086E-05  7.39998266E+00  9.99982498E-01  9.99987932E-01  9.72289557E-01
  3.50000000E-03  7.86519059E-05  7.39998163E+00  9.99981453E-01  9.99987212E-01  9.72289537E-01
  3.60000000E-03  8.08991032E-05  7.39998056E+00  9.99980378E-01  9.99986471E-01  9.72289518E-01
  3.70000000E-03  8.31463005E-05  7.39997947E+00  9.99979273E-01  9.99985709E-01  9.72289497E-01
  3.80000000E-03  8.53934978E-05  7.39997834E+00  9.99978138E-01  9.99984926E-01  9.72289476E-01
  3.90000000E-03  8.76406951E-05  7.39997719E+00  9.99976972E-01  9.99984122E-01  9.72289455E-01
  4.00000000E-03  8.98878924E-05  7.39997600E+00  9.99975776E-01  9.99983298E-01  9.72289433E-01
  4.10000000E-03  9.21350898E-05  7.39997479E+00  9.99974549E-01  9.99982452E-01  9.72289410E-01
  4.20000000E-03  9.43822871E-05  7.39997354E+00  9.99973293E-01  9.99981586E-01  9.72289387E-01
  4.30000000E-03  9.66294844E-05  7.39997227E+00  9.99972006E-01  9.99980698E-01  9.72289363E-01
  4.40000000E-03  9.88766817E-05  7.39997096E+00  9.99970689E-01  9.99979790E-01  9.72289339E-01
  4.50000000E-03  1.01123879E-04  7.39996963E+00  9.99969341E-01  9.99978861E-01  9.72289314E-01
  4.60000000E-03  1.03371076E-04  7.39996826E+00  9.99967964E-01  9.99977911E-01  9.72289289E-01
  4.70000000E-03  1.05618274E-04  7.39996687E+00  9.99966556E-01  9.99976940E-01  9.72289263E-01
  4.80000000E-03  1.07865471E-04  7.39996544E+00  9.99965117E-01  9.99975949E-01  9.72289236E-01
  4.90000000E-03  1.10112668E-04  7.39996399E+00  9.99963649E-01  9.99974936E-01  9.72289209E-01
  5.00000000E-03  1.12359866E-04  7.39996250E+00  9.99962150E-01  9.99973903E-01  9.72289182E-01
  5.10000000E-03  1.14607063E-04  7.39996099E+00  9.99960621E-01  9.99972848E-01  9.72289153E-01
  5.20000000E-03  1.16854260E-04  7.39995944E+00  9.99959062E-01  9.99971773E-01  9.72289125E-01
  5.30000000E-03  1.19101457E-04  7.39995787E+00  9.99957472E-01  9.99970677E-01  9.72289095E-01
  5.40000000E-03  1.21348655E-04  7.39995626E+00  9.99955852E-01  9.99969560E-01  9.72289065E-01
  5.50000000E-03  1.23595852E-04  7.39995463E+00  9.99954202E-01  9.99968422E-01  9.72289035E-01
  5.60000000E-03  1.25843049E-04  7.39995296E+00  9.99952521E-01  9.99967264E-01  9.72289004E-01
  5.70000000E-03  1.28090247E-04  7.39995127E+00  9.99950811E-01  9.99966084E-01  9.72288973E-01
  5.80000000E-03  1.30337444E-04  7.39994954E+00  9.99949070E-01  9.99964884E-01  9.72288940E-01
  5.90000000E-03  1.32584641E-04  7.39994779E+00  9.99947298E-01  9.99963662E-01  9.72288908E-01
  6.00000000E-03  1.34831839E-04  7.39994600E+00  9.99945497E-01  9.99962420E-01  9.72288875E-01
  6.10000000E-03  1.37079036E-04  7.39994419E+00  9.99943665E-01  9.99961157E-01  9.72288841E-01
  6.20000000E-03  1.39326233E-04  7.39994234E+00  9.99941803E-01  9.99959873E-01  9.72288806E-01
  6.30000000E-03  1.41573431E-04  7.39994047E+00  9.99939911E-01  9.99958568E-01  9.72288772E-01
  6.40000000E-03  1.43820628E-04  7.39993856E+00  9.99937988E-01  9.99957243E-01  9.72288736E-01
  6.50000000E-03  1.46067825E-04  7.39993663E+00  9.99936035E-01  9.99955896E-01  9.72288700E-01
  6.60000000E-03  1.48315023E-04  7.39993466E+00  9.99934052E-01  9.99954529E-01  9.72288664E-01
  6.70000000E-03  1.50562220E-04  7.39993267E+00  9.99932038E-01  9.99953140E-01  9.72288626E-01
  6.80000000E-03  1.52809417E-04  7.39993064E+00  9.99929995E-01  9.99951731E-01  9.72288589E-01
  6.90000000E-03  1.55056614E-04  7.39992859E+00  9.99927921E-01  9.99950301E-01  9.72288550E-01
  7.00000000E-03  1.57303812E-04  7.39992650E+00  9.99925816E-01  9.99948850E-01  9.72288512E-01
  7.10000000E-03  1.59551009E-04  7.39992439E+00  9.99923682E-01  9.99947378E-01  9.72288472E-01
  7.20000000E-03  1.61798206E-04  7.39992224E+00  9.99921517E-01  9.99945886E-01  9.72288432E-01
  7.30000000E-03  1.64045404E-04  7.39992007E+00  9.99919322E-01  9.99944372E-01  9.72288392E-01
  7.40000000E-03  1.66292601E-04  7.39991786E+00  9.99917097E-01  9.99942838E-01  9.72288351E-01
  7.50000000E-03  1.68539798E-04  7.39991563E+00  9.99914841E-01  9.99941282E-01  9.72288309E-01
  7.60000000E-03  1.70786996E-04  7.39991336E+00  9.99912555E-01  9.99939706E-01  9.72288267E-01
  7.70000000E-03  1.73034193E-04  7.39991107E+00  9.99910239E-01  9.99938109E-01  9.72288224E-01
  7.80000000E-03  1.75281390E-04  7.39990874E+00  9.99907892E-01  9.99936491E-01  9.72288181E-01
  7.90000000E-03  1.77528588E-04  7.39990639E+00  9.99905516E-01  9.99934852E-01  9.72288137E-01
  8.00000000E-03  1.79775785E-04  7.39990400E+00  9.99903109E-01  9.99933193E-01  9.72288093E-01
  8.10000000E-03  1.82022982E-04  7.39990159E+00  9.99900672E-01  9.99931512E-01  9.72288048E-01
  8.20000000E-03  1.84270180E-04  7.39989914E+00  9.99898204E-01  9.99929811E-01  9.72288003E-01
  8.30000000E-03  1.86517377E-04  7.39989667E+00  9.99895706E-01  9.99928088E-01  9.72287957E-01
  8.40000000E-03  1.88764574E-04  7.39989416E+00  9.99893178E-01  9.99926345E-01  9.72287910E-01
  8.50000000E-03  1.91011771E-04  7.39989163E+00  9.99890620E-01  9.99924581E-01  9.72287863E-01
  8.60000000E-03  1.93258969E-04  7.39988906E+00  9.99888031E-01  9.99922796E-01  9.72287815E-01
  8.70000000E-03  1.95506166E-04  7.39988647E+00  9.99885413E-01  9.99920990E-01  9.72287767E-01
  8.80000000E-03  1.97753363E-04  7.39988384E+00  9.99882764E-01  9.99919163E-01  9.72287718E-01
  8.90000000E-03  2.00000561E-04  7.39988119E+00  9.99880084E-01  9.99917316E-01  9.72287668E-01
  9.00000000E-03  2.02247758E-04  7.39987850E+00  9.99877375E-01  9.99915447E-01  9.72287618E-01
  9.10000000E-03  2.04494955E-04  7.39987579E+00  9.99874635E-01  9.99913558E-01  9.72287568E-01
  9.20000000E-03  2.06742153E-04  7.39987304E+00  9.99871865E-01  9.99911647E-01  9.72287517E-01
  9.30000000E-03  2.08989350E-04  7.39987027E+00  9.99869064E-01  9.99909716E-01  9.72287465E-01
  9.40000000E-03  2.11236547E-04  7.39986747E+00  9.99866233E-01  9.99907763E-01  9.72287413E-01
  9.50000000E-03  2.13483745E-04  7.39986463E+00  9.99863373E-01  9.99905790E-01  9.72287360E-01
  9.60000000E-03  2.15730942E-04  7.39986177E+00  9.99860481E-01  9.99903796E-01  9.72287307E-01
  9.70000000E-03  2.17978139E-04  7.39985887E+00  9.99857560E-01  9.99901780E-01  9.72287253E-01
  9.80000000E-03  2.20225336E-04  7.39985595E+00  9.99854608E-01  9.99899743E-01  9.72287199E-01
  9.90000000E-03  2.22472534E-04  7.39985299E+00  9.99851626E-01  9.99897684E-01  9.72287144E-01
  1.00000000E-02  2.24719731E-04  7.39985001E+00  9.99848614E-01  9.99895592E-01  9.72287088E-01
  1.10000000E-02  2.47191704E-04  7.39981851E+00  9.99816828E-01  9.99873671E-01  9.72286502E-01
  1.20000000E-02  2.69663677E-04  7.39978401E+00  9.99782016E-01  9.99849664E-01  9.72285860E-01
  1.30000000E-02  2.92135650E-04  7.39974652E+00  9.99744179E-01  9.99823571E-01  9.72285162E-01
  1.40000000E-02  3.14607624E-04  7.39970603E+00  9.99703318E-01  9.99795391E-01  9.72284409E-01
  1.50000000E-02  3.37079597E-04  7.39966253E+00  9.99659433E-01  9.99765127E-01  9.72283599E-01
  1.60000000E-02  3.59551570E-04  7.39961604E+00  9.99612525E-01  9.99732777E-01  9.72282734E-01
  1.70000000E-02  3.82023543E-04  7.39956656E+00  9.99562594E-01  9.99698342E-01  9.72281813E-01
  1.80000000E-02  4.04495516E-04  7.39951407E+00  9.99509642E-01  9.99661823E-01  9.72280836E-01
  1.90000000E-02  4.26967489E-04  7.39945859E+00  9.99453669E-01  9.99623220E-01  9.72279803E-01
  2.00000000E-02  4.49439462E-04  7.39940011E+00  9.99394675E-01  9.99582533E-01  9.72278715E-01
  2.10000000E-02  4.71911435E-04  7.39933863E+00  9.99332662E-01  9.99539763E-01  9.72277570E-01
  2.20000000E-02  4.94383408E-04  7.39927416E+00  9.99267631E-01  9.99494911E-01  9.72276370E-01
  2.30000000E-02  5.16855382E-04  7.39920669E+00  9.99199582E-01  9.99447977E-01  9.72275114E-01
  2.40000000E-02  5.39327355E-04  7.39913623E+00  9.99128517E-01  9.99398962E-01  9.72273802E-01
  2.50000000E-02  5.61799328E-04  7.39906277E+00  9.99054436E-01  9.99347865E-01  9.72272434E-01
  2.60000000E-02  5.84271301E-04  7.39898631E+00  9.98977341E-01  9.99294688E-01  9.72271011E-01
  2.70000000E-02  6.06743274E-04  7.39890686E+00  9.98897232E-01  9.99239432E-01  9.72269531E-01
  2.80000000E-02  6.29215247E-04  7.39882442E+00  9.98814112E-01  9.99182097E-01  9.72267996E-01
  2.90000000E-02  6.51687220E-04  7.39873898E+00  9.98727980E-01  9.99122683E-01  9.72266405E-01
  3.00000000E-02  6.74159193E-04  7.39865055E+00  9.98638839E-01  9.99061191E-01  9.72264758E-01
  3.10000000E-02  6.96631166E-04  7.39855913E+00  9.98546689E-01  9.98997623E-01  9.72263056E-01
  3.20000000E-02  7.19103140E-04  7.39846471E+00  9.98451533E-01  9.98931978E-01  9.72261297E-01
  3.30000000E-02  7.41575113E-04  7.39836731E+00  9.98353370E-01  9.98864258E-01  9.72259483E-01
  3.40000000E-02  7.64047086E-04  7.39826691E+00  9.98252203E-01  9.98794463E-01  9.72257613E-01
  3.50000000E-02  7.86519059E-04  7.39816352E+00  9.98148034E-01  9.98722595E-01  9.72255687E-01
  3.60000000E-02  8.08991032E-04  7.39805714E+00  9.98040863E-01  9.98648653E-01  9.72253705E-01
  3.70000000E-02  8.31463005E-04  7.39794778E+00  9.97930692E-01  9.98572639E-01  9.72251667E-01
  3.80000000E-02  8.53934978E-04  7.39783542E+00  9.97817523E-01  9.98494554E-01  9.72249574E-01
  3.90000000E-02  8.76406951E-04  7.39772007E+00  9.97701358E-01  9.98414398E-01  9.72247425E-01
  4.00000000E-02  8.98878924E-04  7.39760174E+00  9.97582197E-01  9.98332173E-01  9.72245220E-01
  4.10000000E-02  9.21350898E-04  7.39748042E+00  9.97460043E-01  9.98247879E-01  9.72242959E-01
  4.20000000E-02  9.43822871E-04  7.39735612E+00  9.97334898E-01  9.98161517E-01  9.72240642E-01
  4.30000000E-02  9.66294844E-04  7.39722883E+00  9.97206764E-01  9.98073089E-01  9.72238269E-01
  4.40000000E-02  9.88766817E-04  7.39709855E+00  9.97075641E-01  9.97982596E-01  9.72235841E-01
  4.50000000E-02  1.01123879E-03  7.39696529E+00  9.96941533E-01  9.97890038E-01  9.72233357E-01
  4.60000000E-02  1.03371076E-03  7.39682905E+00  9.96804441E-01  9.97795416E-01  9.72230817E-01
  4.70000000E-02  1.05618274E-03  7.39668982E+00  9.96664366E-01  9.97698732E-01  9.72228221E-01
  4.80000000E-02  1.07865471E-03  7.39654761E+00  9.96521312E-01  9.97599986E-01  9.72225569E-01
  4.90000000E-02  1.10112668E-03  7.39640242E+00  9.96375280E-01  9.97499180E-01  9.72222862E-01
  5.00000000E-02  1.12359866E-03  7.39625425E+00  9.96226272E-01  9.97396315E-01  9.72220098E-01
  5.10000000E-02  1.14607063E-03  7.39610310E+00  9.96074290E-01  9.97291392E-01  9.72217279E-01
  5.20000000E-02  1.16854260E-03  7.39594897E+00  9.95919337E-01  9.97184413E-01  9.72214404E-01
  5.30000000E-02  1.19101457E-03  7.39579187E+00  9.95761414E-01  9.97075377E-01  9.72211473E-01
  5.40000000E-02  1.21348655E-03  7.39563178E+00  9.95600524E-01  9.96964288E-01  9.72208486E-01
  5.50000000E-02  1.23595852E-03  7.39546872E+00  9.95436670E-01  9.96851145E-01  9.72205444E-01
  5.60000000E-02  1.25843049E-03  7.39530269E+00  9.95269854E-01  9.96735951E-01  9.72202346E-01
  5.70000000E-02  1.28090247E-03  7.39513368E+00  9.95100077E-01  9.96618706E-01  9.72199191E-01
  5.80000000E-02  1.30337444E-03  7.39496170E+00  9.94927343E-01  9.96499411E-01  9.72195981E-01
  5.90000000E-02  1.32584641E-03  7.39478674E+00  9.94751653E-01  9.96378069E-01  9.72192715E-01
  6.00000000E-02  1.34831839E-03  7.39460881E+00  9.94573012E-01  9.96254680E-01  9.72189394E-01
  6.10000000E-02  1.37079036E-03  7.39442791E+00  9.94391420E-01  9.96129246E-01  9.72186016E-01
  6.20000000E-02  1.39326233E-03  7.39424405E+00  9.94206881E-01  9.96001767E-01  9.72182583E-01
  6.30000000E-02  1.41573431E-03  7.39405721E+00  9.94019397E-01  9.95872246E-01  9.72179094E-01
  6.40000000E-02  1.43820628E-03  7.39386740E+00  9.93828971E-01  9.95740684E-01  9.72175549E-01
  6.50000000E-02  1.46067825E-03  7.39367463E+00  9.93635605E-01  9.95607083E-01  9.72171948E-01
  6.60000000E-02  1.48315023E-03  7.39347890E+00  9.93439303E-01  9.95471442E-01  9.72168291E-01
  6.70000000E-02  1.50562220E-03  7.39328019E+00  9.93240067E-01  9.95333765E-01  9.72164579E-01
  6.80000000E-02  1.52809417E-03  7.39307853E+00  9.93037901E-01  9.95194052E-01  9.72160810E-01
  6.90000000E-02  1.55056614E-03  7.39287390E+00  9.92832806E-01  9.95052305E-01  9.72156986E-01
  7.00000000E-02  1.57303812E-03  7.39266631E+00  9.92624786E-01  9.94908526E-01  9.72153106E-01
  7.10000000E-02  1.59551009E-03  7.39245576E+00  9.92413844E-01  9.94762715E-01  9.72149170E-01
  7.20000000E-02  1.61798206E-03  7.39224226E+00  9.92199983E-01  9.94614874E-01  9.72145179E-01
  7.30000000E-02  1.64045404E-03  7.39202579E+00  9.91983205E-01  9.94465005E-01  9.72141131E-01
  7.40000000E-02  1.66292601E-03  7.39180637E+00  9.91763515E-01  9.94313108E-01  9.72137028E-01
  7.50000000E-02  1.68539798E-03  7.39158399E+00  9.91540914E-01  9.94159186E-01  9.72132869E-01
  7.60000000E-02  1.70786996E-03  7.39135866E+00  9.91315407E-01  9.94003240E-01  9.72128653E-01
  7.70000000E-02  1.73034193E-03  7.39113037E+00  9.91086997E-01  9.93845270E-01  9.72124383E-01
  7.80000000E-02  1.75281390E-03  7.39089913E+00  9.90855686E-01  9.93685278E-01  9.72120056E-01
  7.90000000E-02  1.77528588E-03  7.39066494E+00  9.90621478E-01  9.93523266E-01  9.72115673E-01
  8.00000000E-02  1.79775785E-03  7.39042780E+00  9.90384376E-01  9.93359234E-01  9.72111235E-01
  8.10000000E-02  1.82022982E-03  7.39018772E+00  9.90144384E-01  9.93193183E-01  9.72106741E-01
  8.20000000E-02  1.84270180E-03  7.38994469E+00  9.89901505E-01  9.93025114E-01  9.72102191E-01
  8.30000000E-02  1.86517377E-03  7.38969871E+00  9.89655743E-01  9.92855028E-01  9.72097585E-01
  8.40000000E-02  1.88764574E-03  7.38944978E+00  9.89407101E-01  9.92682926E-01  9.72092923E-01
  8.50000000E-02  1.91011771E-03  7.38919792E+00  9.89155582E-01  9.92508806E-01  9.72088206E-01
  8.60000000E-02  1.93258969E-03  7.38894311E+00  9.88901190E-01  9.92332669E-01  9.72083432E-01
  8.70000000E-02  1.95506166E-03  7.38868536E+00  9.88643929E-01  9.92154514E-01  9.72078603E-01
  8.80000000E-02  1.97753363E-03  7.38842468E+00  9.88383803E-01  9.91974339E-01  9.72073718E-01
  8.90000000E-02  2.00000561E-03  7.38816105E+00  9.88120814E-01  9.91792141E-01  9.72068777E-01
  9.00000000E-02  2.02247758E-03  7.38789449E+00  9.87854967E-01  9.91607917E-01  9.72063780E-01
  9.10000000E-02  2.04494955E-03  7.38762500E+00  9.87586266E-01  9.91421660E-01  9.72058728E-01
  9.20000000E-02  2.06742153E-03  7.38735257E+00  9.87314713E-01  9.91233360E-01  9.72053619E-01
  9.30000000E-02  2.08989350E-03  7.38707721E+00  9.87040314E-01  9.91043003E-01  9.72048455E-01
  9.40000000E-02  2.11236547E-03  7.38679893E+00  9.86763072E-01  9.90850566E-01  9.72043235E-01
  9.50000000E-02  2.13483745E-03  7.38651771E+00  9.86482991E-01  9.90656013E-01  9.72037959E-01
  9.60000000E-02  2.15730942E-03  7.38623356E+00  9.86200074E-01  9.90459280E-01  9.72032627E-01
  9.70000000E-02  2.17978139E-03  7.38594649E+00  9.85914327E-01  9.90260248E-01  9.72027239E-01
  9.80000000E-02  2.20225336E-03  7.38565650E+00  9.85625752E-01  9.90058652E-01  9.72021796E-01
  9.90000000E-02  2.22472534E-03  7.38536358E+00  9.85334354E-01  9.89853720E-01  9.72016296E-01
  1.00000000E-01  2.24719731E-03  7.38506774E+00  9.85040137E-01  9.89635825E-01  9.72010741E-01
  1.10000000E-01  2.47191704E-03  7.38194906E+00  9.81943845E-01  9.87487248E-01  9.71952118E-01
  1.20000000E-01  2.69663677E-03  7.37854012E+00  9.78570423E-01  9.85144341E-01  9.71887910E-01
  1.30000000E-01  2.92135650E-03  7.37484272E+00  9.74924553E-01  9.82609781E-01  9.71818117E-01
  1.40000000E-01  3.14607624E-03  7.37085883E+00  9.71011264E-01  9.79886443E-01  9.71742738E-01
  1.50000000E-01  3.37079597E-03  7.36659053E+00  9.66835908E-01  9.76977391E-01  9.71661774E-01
  1.60000000E-01  3.59551570E-03  7.36204005E+00  9.62404147E-01  9.73885875E-01  9.71575223E-01
  1.70000000E-01  3.82023543E-03  7.35720977E+00  9.57721935E-01  9.70615314E-01  9.71483086E-01
  1.80000000E-01  4.04495516E-03  7.35210219E+00  9.52795502E-01  9.67169297E-01  9.71385362E-01
  1.90000000E-01  4.26967489E-03  7.34671991E+00  9.47631336E-01  9.63551566E-01  9.71282052E-01
  2.00000000E-01  4.49439462E-03  7.34106570E+00  9.42236161E-01  9.59766010E-01  9.71173155E-01
  2.10000000E-01  4.71911435E-03  7.33514241E+00  9.36616922E-01  9.55816657E-01  9.71058670E-01
  2.20000000E-01  4.94383408E-03  7.32895301E+00  9.30780762E-01  9.51707661E-01  9.70938599E-01
  2.30000000E-01  5.16855382E-03  7.32250059E+00  9.24735006E-01  9.47443294E-01  9.70812940E-01
  2.40000000E-01  5.39327355E-03  7.31578835E+00  9.18487140E-01  9.43027933E-01  9.70681695E-01
  2.50000000E-01  5.61799328E-03  7.30881956E+00  9.12044791E-01  9.38466056E-01  9.70544864E-01
  2.60000000E-01  5.84271301E-03  7.30159762E+00  9.05415707E-01  9.33762225E-01  9.70402446E-01
  2.70000000E-01  6.06743274E-03  7.29412599E+00  8.98607740E-01  9.28921082E-01  9.70254443E-01
  2.80000000E-01  6.29215247E-03  7.28640823E+00  8.91628822E-01  9.23947332E-01  9.70100856E-01
  2.90000000E-01  6.51687220E-03  7.27844799E+00  8.84486953E-01  9.18845741E-01  9.69941685E-01
  3.00000000E-01  6.74159193E-03  7.27024898E+00  8.77190176E-01  9.13621118E-01  9.69776932E-01
  3.10000000E-01  6.96631166E-03  7.26181497E+00  8.69746563E-01  9.08278314E-01  9.69606597E-01
  3.20000000E-01  7.19103140E-03  7.25314983E+00  8.62164195E-01  9.02822203E-01  9.69430683E-01
  3.30000000E-01  7.41575113E-03  7.24425745E+00  8.54451146E-01  8.97257681E-01  9.69249191E-01
  3.40000000E-01  7.64047086E-03  7.23514181E+00  8.46615468E-01  8.91589651E-01  9.69062122E-01
  3.50000000E-01  7.86519059E-03  7.22580693E+00  8.38665171E-01  8.85823020E-01  9.68869480E-01
  3.60000000E-01  8.08991032E-03  7.21625685E+00  8.30608212E-01  8.79962682E-01  9.68671267E-01
  3.70000000E-01  8.31463005E-03  7.20649570E+00  8.22452477E-01  8.74013520E-01  9.68467485E-01
  3.80000000E-01  8.53934978E-03  7.19652760E+00  8.14205772E-01  8.67980389E-01  9.68258138E-01
  3.90000000E-01  8.76406951E-03  7.18635673E+00  8.05875804E-01  8.61868114E-01  9.68043228E-01
  4.00000000E-01  8.98878924E-03  7.17598728E+00  7.97470173E-01  8.55681483E-01  9.67822760E-01
  4.10000000E-01  9.21350898E-03  7.16542347E+00  7.88996358E-01  8.49425233E-01  9.67596737E-01
  4.20000000E-01  9.43822871E-03  7.15466955E+00  7.80461711E-01  8.43104055E-01  9.67365164E-01
  4.30000000E-01  9.66294844E-03  7.14372977E+00  7.71873440E-01  8.36722577E-01  9.67128045E-01
  4.40000000E-01  9.88766817E-03  7.13260838E+00  7.63238606E-01  8.30285364E-01  9.66885385E-01
  4.50000000E-01  1.01123879E-02  7.12130966E+00  7.54564110E-01  8.23796913E-01  9.66637190E-01
  4.60000000E-01  1.03371076E-02  7.10983788E+00  7.45856691E-01  8.17261644E-01  9.66383466E-01
  4.70000000E-01  1.05618274E-02  7.09819729E+00  7.37122915E-01  8.10683900E-01  9.66124217E-01
  4.80000000E-01  1.07865471E-02  7.08639217E+00  7.28369168E-01  8.04067940E-01  9.65859452E-01
  4.90000000E-01  1.10112668E-02  7.07442677E+00  7.19601658E-01  7.97417934E-01  9.65589177E-01
  5.00000000E-01  1.12359866E-02  7.06230532E+00  7.10826401E-01  7.90737963E-01  9.65313398E-01
  5.10000000E-01  1.14607063E-02  7.05003204E+00  7.02049225E-01  7.84032014E-01  9.65032125E-01
  5.20000000E-01  1.16854260E-02  7.03761115E+00  6.93275762E-01  7.77303976E-01  9.64745365E-01
  5.30000000E-01  1.19101457E-02  7.02504682E+00  6.84511449E-01  7.70557639E-01  9.64453126E-01
  5.40000000E-01  1.21348655E-02  7.01234321E+00  6.75761522E-01  7.63796693E-01  9.64155418E-01
  5.50000000E-01  1.23595852E-02  6.99950444E+00  6.67031022E-01  7.57024723E-01  9.63852250E-01
  5.60000000E-01  1.25843049E-02  6.98653461E+00  6.58324786E-01  7.50245210E-01  9.63543632E-01
  5.70000000E-01  1.28090247E-02  6.97343779E+00  6.49647452E-01  7.43461529E-01  9.63229574E-01
  5.80000000E-01  1.30337444E-02  6.96021800E+00  6.41003460E-01  7.36676948E-01  9.62910088E-01
  5.90000000E-01  1.32584641E-02  6.94687923E+00  6.32397048E-01  7.29894626E-01  9.62585185E-01
  6.00000000E-01  1.34831839E-02  6.93342543E+00  6.23832258E-01  7.23117618E-01  9.62254876E-01
  6.10000000E-01  1.37079036E-02  6.91986052E+00  6.15312939E-01  7.16348865E-01  9.61919173E-01
  6.20000000E-01  1.39326233E-02  6.90618835E+00  6.06842743E-01  7.09591205E-01  9.61578090E-01
  6.30000000E-01  1.41573431E-02  6.89241274E+00  5.98425133E-01  7.02847365E-01  9.61231640E-01
  6.40000000E-01  1.43820628E-02  6.87853747E+00  5.90063384E-01  6.96119964E-01  9.60879836E-01
  6.50000000E-01  1.46067825E-02  6.86456626E+00  5.81760585E-01  6.89411517E-01  9.60522693E-01
  6.60000000E-01  1.48315023E-02  6.85050278E+00  5.73519645E-01  6.82724429E-01  9.60160225E-01
  6.70000000E-01  1.50562220E-02  6.83635066E+00  5.65343295E-01  6.76061002E-01  9.59792447E-01
  6.80000000E-01  1.52809417E-02  6.82211346E+00  5.57234091E-01  6.69423434E-01  9.59419376E-01
  6.90000000E-01  1.55056614E-02  6.80779471E+00  5.49194423E-01  6.62813816E-01  9.59041026E-01
  7.00000000E-01  1.57303812E-02  6.79339786E+00  5.41226510E-01  6.56234140E-01  9.58657416E-01
  7.10000000E-01  1.59551009E-02  6.77892632E+00  5.33332416E-01  6.49686297E-01  9.58268561E-01
  7.20000000E-01  1.61798206E-02  6.76438345E+00  5.25514044E-01  6.43172075E-01  9.57874480E-01
  7.30000000E-01  1.64045404E-02  6.74977254E+00  5.17773147E-01  6.36693166E-01  9.57475191E-01
  7.40000000E-01  1.66292601E-02  6.73509684E+00  5.10111330E-01  6.30251163E-01  9.57070711E-01
  7.50000000E-01  1.68539798E-02  6.72035951E+00  5.02530058E-01  6.23847562E-01  9.56661061E-01
  7.60000000E-01  1.70786996E-02  6.70556369E+00  4.95030654E-01  6.17483764E-01  9.56246260E-01
  7.70000000E-01  1.73034193E-02  6.69071244E+00  4.87614313E-01  6.11161072E-01  9.55826327E-01
  7.80000000E-01  1.75281390E-02  6.67580878E+00  4.80282099E-01  6.04880696E-01  9.55401283E-01
  7.90000000E-01  1.77528588E-02  6.66085565E+00  4.73034953E-01  5.98643750E-01  9.54971148E-01
  8.00000000E-01  1.79775785E-02  6.64585595E+00  4.65873698E-01  5.92451249E-01  9.54535946E-01
  8.10000000E-01  1.82022982E-02  6.63081250E+00  4.58799045E-01  5.86304111E-01  9.54095696E-01
  8.20000000E-01  1.84270180E-02  6.61572810E+00  4.51811593E-01  5.80203153E-01  9.53650421E-01
  8.30000000E-01  1.86517377E-02  6.60060544E+00  4.44911839E-01  5.74149084E-01  9.53200144E-01
  8.40000000E-01  1.88764574E-02  6.58544720E+00  4.38100179E-01  5.68142500E-01  9.52744888E-01
  8.50000000E-01  1.91011771E-02  6.57025598E+00  4.31376916E-01  5.62183873E-01  9.52284677E-01
  8.60000000E-01  1.93258969E-02  6.55503433E+00  4.24742260E-01  5.56273534E-01  9.51819534E-01
  8.70000000E-01  1.95506166E-02  6.53978473E+00  4.18196336E-01  5.50411657E-01  9.51349484E-01
  8.80000000E-01  1.97753363E-02  6.52450961E+00  4.11739187E-01  5.44598219E-01  9.50874552E-01
  8.90000000E-01  2.00000561E-02  6.50921136E+00  4.05370777E-01  5.38832956E-01  9.50394762E-01
  9.00000000E-01  2.02247758E-02  6.49389229E+00  3.99090996E-01  5.33115291E-01  9.49910141E-01
  9.10000000E-01  2.04494955E-02  6.47855468E+00  3.92899667E-01  5.27444215E-01  9.49420714E-01
  9.20000000E-01  2.06742153E-02  6.46320073E+00  3.86796545E-01  5.21818104E-01  9.48926507E-01
  9.30000000E-01  2.08989350E-02  6.44783260E+00  3.80781322E-01  5.16234404E-01  9.48427548E-01
  9.40000000E-01  2.11236547E-02  6.43245240E+00  3.74853633E-01  5.10689071E-01  9.47923863E-01
  9.50000000E-01  2.13483745E-02  6.41706218E+00  3.69013058E-01  5.05175500E-01  9.47415480E-01
  9.60000000E-01  2.15730942E-02  6.40166393E+00  3.63259123E-01  4.99682282E-01  9.46902426E-01
  9.70000000E-01  2.17978139E-02  6.38625962E+00  3.57591310E-01  4.94187846E-01  9.46384730E-01
  9.80000000E-01  2.20225336E-02  6.37085114E+00  3.52009051E-01  4.88644825E-01  9.45862419E-01
  9.90000000E-01  2.22472534E-02  6.35544033E+00  3.46511739E-01  4.82914600E-01  9.45335524E-01
  1.00000000E+00  2.24719731E-02  6.34002899E+00  3.41098728E-01  4.75276999E-01  9.44804072E-01
  1.11250000E+00  2.50000701E-02  6.16711229E+00  2.85780697E-01  4.21628124E-01  9.38520437E-01
  1.22500000E+00  2.75281671E-02  5.99640024E+00  2.39837508E-01  3.74590486E-01  9.31708218E-01
  1.33750000E+00  3.00562640E-02  5.82938196E+00  2.01918787E-01  3.33606169E-01  9.24414487E-01
  1.45000000E+00  3.25843610E-02  5.66705706E+00  1.70704487E-01  2.98006301E-01  9.16687909E-01
  1.56250000E+00  3.51124580E-02  5.51005283E+00  1.45008957E-01  2.67109182E-01  9.08577397E-01
  1.67500000E+00  3.76405550E-02  5.35872065E+00  1.23817234E-01  2.40273256E-01  9.00131000E-01
  1.78750000E+00  4.01686519E-02  5.21321191E+00  1.06285207E-01  2.16921888E-01  8.91395048E-01
  1.90000000E+00  4.26967489E-02  5.07353626E+00  9.17230584E-02  1.96553720E-01  8.82413519E-01
  2.01250000E+00  4.52248459E-02  4.93960529E+00  7.95728621E-02  1.78868627E-01  8.73227622E-01
  2.11250000E+00  4.74720432E-02  4.82525464E+00  7.04326772E-02  1.64822620E-01  8.64921760E-01
  2.21250000E+00  4.97192405E-02  4.71518482E+00  6.25867420E-02  1.52157609E-01  8.56509400E-01
  2.32500000E+00  5.22473375E-02  4.59628162E+00  5.50468303E-02  1.39506099E-01  8.46946504E-01
  2.45000000E+00  5.50563341E-02  4.47000998E+00  4.79847001E-02  1.27231870E-01  8.36232604E-01
  2.57500000E+00  5.78653308E-02  4.34957226E+00  4.20515253E-02  1.16438502E-01  8.25460545E-01
  2.70000000E+00  6.06743274E-02  4.23464212E+00  3.70371137E-02  1.06905917E-01  8.14662354E-01
  2.82500000E+00  6.34833240E-02  4.12490130E+00  3.27748187E-02  9.84513058E-02  8.03866129E-01
  2.95000000E+00  6.62923207E-02  4.02004387E+00  2.91318353E-02  9.09223044E-02  7.93096361E-01
  3.07500000E+00  6.91013173E-02  3.91977875E+00  2.60017540E-02  8.41913770E-02  7.82374273E-01
  3.20000000E+00  7.19103140E-02  3.82383105E+00  2.32988411E-02  7.81510513E-02  7.71718134E-01
  3.32500000E+00  7.47193106E-02  3.73194242E+00  2.09536367E-02  7.27087882E-02  7.61143579E-01
  3.45000000E+00  7.75283072E-02  3.64387101E+00  1.89095545E-02  6.77263595E-02  7.50663887E-01
  3.60000000E+00  8.08991032E-02  3.54290712E+00  1.67894725E-02  6.24441388E-02  7.38229104E-01
  3.75000000E+00  8.42698992E-02  3.44675422E+00  1.49718446E-02  5.77313061E-02  7.25962831E-01
  3.90000000E+00  8.76406951E-02  3.35508064E+00  1.34049327E-02  5.35124169E-02  7.13877664E-01
  4.05000000E+00  9.10114911E-02  3.26758216E+00  1.20471641E-02  4.98003231E-02  7.01983398E-01
  4.15000000E+00  9.32586884E-02  3.21143061E+00  1.12412939E-02  4.74699419E-02  6.94163686E-01
  4.25000000E+00  9.55058857E-02  3.15693335E+00  1.05049339E-02  4.52903537E-02  6.86433830E-01
  4.35000000E+00  9.77530830E-02  3.10401778E+00  9.83076697E-03  4.32488866E-02  6.78795152E-01
  4.45000000E+00  1.00000280E-01  3.05261536E+00  9.21237623E-03  4.13341659E-02  6.71248654E-01
  4.55000000E+00  1.02247478E-01  3.00266132E+00  8.64411967E-03  3.95359600E-02  6.63795055E-01
  4.65000000E+00  1.04494675E-01  2.95409445E+00  8.12102399E-03  3.78450462E-02  6.56434819E-01
  4.75000000E+00  1.06741872E-01  2.90685685E+00  7.63869452E-03  3.62530948E-02  6.49168188E-01
  4.85000000E+00  1.08989070E-01  2.86089376E+00  7.19323874E-03  3.47525684E-02  6.41995201E-01
  4.95000000E+00  1.11236267E-01  2.81615334E+00  6.78120092E-03  3.33366333E-02  6.34915723E-01
  5.05000000E+00  1.13483464E-01  2.77258649E+00  6.39950628E-03  3.19990828E-02  6.27929462E-01
  5.15000000E+00  1.15730662E-01  2.73014669E+00  6.04541307E-03  3.07342697E-02  6.21035989E-01
  5.25000000E+00  1.17977859E-01  2.68878983E+00  5.71647143E-03  2.95370471E-02  6.14234755E-01
  5.35000000E+00  1.20225056E-01  2.64847407E+00  5.41048786E-03  2.84027163E-02  6.07525105E-01
  5.45000000E+00  1.22472253E-01  2.60915971E+00  5.12549455E-03  2.73269807E-02  6.00906294E-01
  5.55000000E+00  1.24719451E-01  2.57080903E+00  4.85972279E-03  2.63059056E-02  5.94377496E-01
  5.65000000E+00  1.26966648E-01  2.53338621E+00  4.61157993E-03  2.53358819E-02  5.87937816E-01
  5.75000000E+00  1.29213845E-01  2.49685716E+00  4.37962926E-03  2.44135948E-02  5.81586302E-01
  5.85000000E+00  1.31461043E-01  2.46118950E+00  4.16257252E-03  2.35359948E-02  5.75321950E-01
  5.95000000E+00  1.33708240E-01  2.42635236E+00  3.95923460E-03  2.27002732E-02  5.69143714E-01
  6.05000000E+00  1.35955437E-01  2.39231637E+00  3.76855011E-03  2.19038393E-02  5.63050513E-01
  6.15000000E+00  1.38202635E-01  2.35905356E+00  3.58955161E-03  2.11443004E-02  5.57041239E-01
  6.25000000E+00  1.40449832E-01  2.32653722E+00  3.42135927E-03  2.04194440E-02  5.51114758E-01
  6.35000000E+00  1.42697029E-01  2.29474191E+00  3.26317174E-03  1.97272217E-02  5.45269919E-01
  6.45000000E+00  1.44944227E-01  2.26364334E+00  3.11425810E-03  1.90657346E-02  5.39505557E-01
  6.55000000E+00  1.47191424E-01  2.23321831E+00  2.97395073E-03  1.84332205E-02  5.33820496E-01
  6.65000000E+00  1.49438621E-01  2.20344466E+00  2.84163900E-03  1.78280423E-02  5.28213556E-01
  6.75000000E+00  1.51685819E-01  2.17430120E+00  2.71676366E-03  1.72486771E-02  5.22683551E-01
  6.85000000E+00  1.53933016E-01  2.14576769E+00  2.59881187E-03  1.66937073E-02  5.17229298E-01
  6.95000000E+00  1.56180213E-01  2.11782473E+00  2.48731274E-03  1.61618113E-02  5.11849612E-01
  7.05000000E+00  1.58427410E-01  2.09045377E+00  2.38183340E-03  1.56517563E-02  5.06543316E-01
  7.15000000E+00  1.60674608E-01  2.06363706E+00  2.28197544E-03  1.51623909E-02  5.01309236E-01
  7.25000000E+00  1.62921805E-01  2.03735754E+00  2.18737173E-03  1.46926387E-02  4.96146208E-01
  7.35000000E+00  1.65169002E-01  2.01159892E+00  2.09768362E-03  1.42414929E-02  4.91053076E-01
  7.45000000E+00  1.67416200E-01  1.98634553E+00  2.01259836E-03  1.38080101E-02  4.86028695E-01
  7.55000000E+00  1.69663397E-01  1.96158235E+00  1.93182684E-03  1.33913064E-02  4.81071932E-01
  7.65000000E+00  1.71910594E-01  1.93729497E+00  1.85510149E-03  1.29905523E-02  4.76181665E-01
  7.75000000E+00  1.74157792E-01  1.91346954E+00  1.78217446E-03  1.26049691E-02  4.71356786E-01
  7.85000000E+00  1.76404989E-01  1.89009276E+00  1.71281592E-03  1.22338245E-02  4.66596204E-01
  7.95000000E+00  1.78652186E-01  1.86715185E+00  1.64681254E-03  1.18764300E-02  4.61898837E-01
  8.05000000E+00  1.80899384E-01  1.84463452E+00  1.58396615E-03  1.15321369E-02  4.57263624E-01
  8.15000000E+00  1.83146581E-01  1.82252894E+00  1.52409246E-03  1.12003333E-02  4.52689514E-01
  8.25000000E+00  1.85393778E-01  1.80082374E+00  1.46701995E-03  1.08804404E-02  4.48175477E-01
  8.35000000E+00  1.87640975E-01  1.77950797E+00  1.41258887E-03  1.05719083E-02  4.43720496E-01
  8.45000000E+00  1.89888173E-01  1.75857107E+00  1.36065026E-03  1.02742065E-02  4.39323570E-01
  8.55000000E+00  1.92135370E-01  1.73800289E+00  1.31106513E-03  9.98679791E-03  4.34983716E-01
  8.65000000E+00  1.94382567E-01  1.71779363E+00  1.26370371E-03  9.70899763E-03  4.30699967E-01
  8.75000000E+00  1.96629765E-01  1.69793386E+00  1.21844469E-03  9.43470465E-03  4.26471372E-01
  8.90000000E+00  2.00000561E-01  1.66877966E+00  1.15425202E-03  9.05723270E-03  4.20229853E-01
  9.00000000E+00  2.02247758E-01  1.64975447E+00  1.11376844E-03  8.81141297E-03  4.16135091E-01
  9.10000000E+00  2.04494955E-01  1.63104827E+00  1.07502081E-03  8.57374890E-03  4.12092285E-01
  9.20000000E+00  2.06742153E-01  1.61265302E+00  1.03791886E-03  8.34390180E-03  4.08100557E-01
  9.30000000E+00  2.08989350E-01  1.59456095E+00  1.00237785E-03  8.12155028E-03  4.04159047E-01
  9.40000000E+00  2.11236547E-01  1.57676456E+00  9.68318240E-04  7.90638918E-03  4.00266909E-01
  9.50000000E+00  2.13483745E-01  1.55925660E+00  9.35665288E-04  7.69812863E-03  3.96423315E-01
  9.60000000E+00  2.15730942E-01  1.54203004E+00  9.04348715E-04  7.49649310E-03  3.92627450E-01
  9.70000000E+00  2.17978139E-01  1.52507812E+00  8.74302403E-04  7.30122059E-03  3.88878516E-01
  9.80000000E+00  2.20225336E-01  1.50839426E+00  8.45464108E-04  7.11206179E-03  3.85175729E-01
  9.90000000E+00  2.22472534E-01  1.49197213E+00  8.17775199E-04  6.92877939E-03  3.81518322E-01
  1.00000000E+01  2.24719731E-01  1.47580557E+00  7.91180413E-04  6.75114738E-03  3.77905540E-01
  1.01000000E+01  2.26966928E-01  1.45988863E+00  7.65627630E-04  6.57895039E-03  3.74336645E-01
  1.02000000E+01  2.29214126E-01  1.44421556E+00  7.41067669E-04  6.41198310E-03  3.70810912E-01
  1.03000000E+01  2.31461323E-01  1.42878077E+00  7.17454095E-04  6.25004969E-03  3.67327629E-01
  1.04000000E+01  2.33708520E-01  1.41357884E+00  6.94743040E-04  6.09296333E-03  3.63886101E-01
  1.05000000E+01  2.35955718E-01  1.39860455E+00  6.72893042E-04  5.94054564E-03  3.60485642E-01
  1.06000000E+01  2.38202915E-01  1.38385279E+00  6.51864888E-04  5.79262626E-03  3.57125584E-01
  1.07000000E+01  2.40450112E-01  1.36931864E+00  6.31621476E-04  5.64904246E-03  3.53805268E-01
  1.08000000E+01  2.42697310E-01  1.35499733E+00  6.12127684E-04  5.50963865E-03  3.50524051E-01
  1.09000000E+01  2.44944507E-01  1.34088420E+00  5.93350244E-04  5.37426608E-03  3.47281300E-01
  1.10000000E+01  2.47191704E-01  1.32697475E+00  5.75257632E-04  5.24278245E-03  3.44076396E-01
  1.11000000E+01  2.49438902E-01  1.31326462E+00  5.57819960E-04  5.11505156E-03  3.40908732E-01
  1.12000000E+01  2.51686099E-01  1.29974955E+00  5.41008882E-04  4.99094305E-03  3.37777711E-01
  1.13000000E+01  2.53933296E-01  1.28642543E+00  5.24797495E-04  4.87033204E-03  3.34682751E-01
  1.14000000E+01  2.56180493E-01  1.27328824E+00  5.09160260E-04  4.75309890E-03  3.31623277E-01
  1.15000000E+01  2.58427691E-01  1.26033409E+00  4.94072921E-04  4.63912898E-03  3.28598729E-01
  1.16000000E+01  2.60674888E-01  1.24755921E+00  4.79512426E-04  4.52831234E-03  3.25608557E-01
  1.17000000E+01  2.62922085E-01  1.23495992E+00  4.65456865E-04  4.42054354E-03  3.22652219E-01
  1.18000000E+01  2.65169283E-01  1.22253263E+00  4.51885398E-04  4.31572143E-03  3.19729187E-01
  1.19000000E+01  2.67416480E-01  1.21027387E+00  4.38778199E-04  4.21374891E-03  3.16838940E-01
  1.20000000E+01  2.69663677E-01  1.19818027E+00  4.26116396E-04  4.11453276E-03  3.13980971E-01
  1.21000000E+01  2.71910875E-01  1.18624852E+00  4.13882021E-04  4.01798347E-03  3.11154780E-01
  1.22000000E+01  2.74158072E-01  1.17447543E+00  4.02057957E-04  3.92401501E-03  3.08359876E-01
  1.23000000E+01  2.76405269E-01  1.16285788E+00  3.90627893E-04  3.83254474E-03  3.05595779E-01
  1.24000000E+01  2.78652467E-01  1.15139284E+00  3.79576280E-04  3.74349320E-03  3.02862018E-01
  1.25000000E+01  2.80899664E-01  1.14007735E+00  3.68888290E-04  3.65678398E-03  3.00158131E-01
  1.26000000E+01  2.83146861E-01  1.12890853E+00  3.58549775E-04  3.57234359E-03  2.97483663E-01
  1.27000000E+01  2.85394059E-01  1.11788358E+00  3.48547237E-04  3.49010131E-03  2.94838172E-01
  1.28000000E+01  2.87641256E-01  1.10699977E+00  3.38867785E-04  3.40998907E-03  2.92221219E-01
  1.29000000E+01  2.89888453E-01  1.09625444E+00  3.29499112E-04  3.33194136E-03  2.89632377E-01
  1.30000000E+01  2.92135650E-01  1.08564499E+00  3.20429458E-04  3.25589507E-03  2.87071226E-01
  1.31000000E+01  2.94382848E-01  1.07516890E+00  3.11647585E-04  3.18178942E-03  2.84537353E-01
  1.32000000E+01  2.96630045E-01  1.06482370E+00  3.03142750E-04  3.10956584E-03  2.82030354E-01
  1.33000000E+01  2.98877242E-01  1.05460699E+00  2.94904680E-04  3.03916789E-03  2.79549832E-01
  1.34000000E+01  3.01124440E-01  1.04451642E+00  2.86923546E-04  2.97054115E-03  2.77095398E-01
  1.35000000E+01  3.03371637E-01  1.03454971E+00  2.79189946E-04  2.90363315E-03  2.74666670E-01
  1.36000000E+01  3.05618834E-01  1.02470463E+00  2.71694877E-04  2.83839327E-03  2.72263271E-01
  1.37000000E+01  3.07866032E-01  1.01497899E+00  2.64429720E-04  2.77477270E-03  2.69884835E-01
  1.38000000E+01  3.10113229E-01  1.00537068E+00  2.57386220E-04  2.71272430E-03  2.67530999E-01
  1.39000000E+01  3.12360426E-01  9.95877622E-01  2.50556468E-04  2.65220260E-03  2.65201408E-01
  1.40000000E+01  3.14607624E-01  9.86497787E-01  2.43932885E-04  2.59316368E-03  2.62895715E-01
  1.41000000E+01  3.16854821E-01  9.77229200E-01  2.37508204E-04  2.53556513E-03  2.60613577E-01
  1.42000000E+01  3.19102018E-01  9.68069931E-01  2.31275459E-04  2.47936599E-03  2.58354658E-01
  1.43000000E+01  3.21349216E-01  9.59018093E-01  2.25227968E-04  2.42452667E-03  2.56118629E-01
  1.44000000E+01  3.23596413E-01  9.50071845E-01  2.19359318E-04  2.37100895E-03  2.53905167E-01
  1.45000000E+01  3.25843610E-01  9.41229386E-01  2.13663356E-04  2.31877583E-03  2.51713952E-01
  1.46000000E+01  3.28090807E-01  9.32488959E-01  2.08134177E-04  2.26779159E-03  2.49544673E-01
  1.47000000E+01  3.30338005E-01  9.23848843E-01  2.02766108E-04  2.21802165E-03  2.47397024E-01
  1.48000000E+01  3.32585202E-01  9.15307360E-01  1.97553704E-04  2.16943258E-03  2.45270702E-01
  1.49000000E+01  3.34832399E-01  9.06862866E-01  1.92491730E-04  2.12199204E-03  2.43165413E-01
  1.50000000E+01  3.37079597E-01  8.98513756E-01  1.87575158E-04  2.07566874E-03  2.41080865E-01
  1.51000000E+01  3.39326794E-01  8.90258460E-01  1.82799157E-04  2.03043237E-03  2.39016774E-01
  1.52000000E+01  3.41573991E-01  8.82095441E-01  1.78159078E-04  1.98625360E-03  2.36972858E-01
  1.53000000E+01  3.43821189E-01  8.74023199E-01  1.73650454E-04  1.94310406E-03  2.34948842E-01
  1.54000000E+01  3.46068386E-01  8.66040264E-01  1.69268987E-04  1.90095622E-03  2.32944456E-01
  1.55000000E+01  3.48315583E-01  8.58145198E-01  1.65010542E-04  1.85978345E-03  2.30959434E-01
  1.56000000E+01  3.50562781E-01  8.50336594E-01  1.60871140E-04  1.81955993E-03  2.28993513E-01
  1.57000000E+01  3.52809978E-01  8.42613077E-01  1.56846952E-04  1.78026065E-03  2.27046437E-01
  1.58000000E+01  3.55057175E-01  8.34973298E-01  1.52934289E-04  1.74186135E-03  2.25117954E-01
  1.59000000E+01  3.57304372E-01  8.27415939E-01  1.49129602E-04  1.70433852E-03  2.23207815E-01
  1.60000000E+01  3.59551570E-01  8.19939709E-01  1.45429470E-04  1.66766935E-03  2.21315777E-01
  1.61000000E+01  3.61798767E-01  8.12543343E-01  1.41830600E-04  1.63183171E-03  2.19441599E-01
  1.62000000E+01  3.64045964E-01  8.05225605E-01  1.38329815E-04  1.59680414E-03  2.17585046E-01
  1.63000000E+01  3.66293162E-01  7.97985280E-01  1.34924058E-04  1.56256578E-03  2.15745887E-01
  1.64000000E+01  3.68540359E-01  7.90821183E-01  1.31610379E-04  1.52909641E-03  2.13923893E-01
  1.65000000E+01  3.70787556E-01  7.83732150E-01  1.28385933E-04  1.49637635E-03  2.12118840E-01
  1.66000000E+01  3.73034754E-01  7.76717042E-01  1.25247979E-04  1.46438651E-03  2.10330509E-01
  1.67000000E+01  3.75281951E-01  7.69774741E-01  1.22193871E-04  1.43310829E-03  2.08558682E-01
  1.68000000E+01  3.77529148E-01  7.62904155E-01  1.19221057E-04  1.40252364E-03  2.06803147E-01
  1.69000000E+01  3.79776346E-01  7.56104211E-01  1.16327075E-04  1.37261494E-03  2.05063694E-01
  1.70000000E+01  3.82023543E-01  7.49373858E-01  1.13509549E-04  1.34336504E-03  2.03340117E-01
  1.71000000E+01  3.84270740E-01  7.42712066E-01  1.10766184E-04  1.31475721E-03  2.01632214E-01
  1.72000000E+01  3.86517938E-01  7.36117825E-01  1.08094765E-04  1.28677510E-03  1.99939784E-01
  1.73000000E+01  3.88765135E-01  7.29590146E-01  1.05493153E-04  1.25940270E-03  1.98262633E-01
  1.74000000E+01  3.91012332E-01  7.23128057E-01  1.02959283E-04  1.23262432E-03  1.96600567E-01
  1.75000000E+01  3.93259529E-01  7.16730608E-01  1.00491159E-04  1.20642450E-03  1.94953397E-01
  1.76000000E+01  3.95506727E-01  7.10396863E-01  9.80868530E-05  1.18078795E-03  1.93320935E-01
  1.77000000E+01  3.97753924E-01  7.04125908E-01  9.57445016E-05  1.15569950E-03  1.91702998E-01
  1.78000000E+01  4.00001121E-01  6.97916845E-01  9.34623040E-05  1.13114389E-03  1.90099406E-01
  1.79000000E+01  4.02248319E-01  6.91768791E-01  9.12385194E-05  1.10710568E-03  1.88509980E-01
  1.80000000E+01  4.04495516E-01  6.85680883E-01  8.90714647E-05  1.08356894E-03  1.86934545E-01
  1.81000000E+01  4.06742713E-01  6.79652273E-01  8.69595123E-05  1.06051685E-03  1.85372929E-01
  1.82000000E+01  4.08989911E-01  6.73682127E-01  8.49010881E-05  1.03793108E-03  1.83824963E-01
  1.83000000E+01  4.11237108E-01  6.67769629E-01  8.28946693E-05  1.01579072E-03  1.82290480E-01
  1.84000000E+01  4.13484305E-01  6.61913978E-01  8.09387829E-05  9.94070337E-04  1.80769315E-01
  1.85000000E+01  4.15731503E-01  6.56114385E-01  7.90320033E-05  9.72736349E-04  1.79261307E-01
  1.86000000E+01  4.17978700E-01  6.50370079E-01  7.71729509E-05  9.51739249E-04  1.77766297E-01
  1.87000000E+01  4.20225897E-01  6.44680300E-01  7.53602904E-05  9.30994995E-04  1.76284127E-01
  1.88000000E+01  4.22473095E-01  6.39044305E-01  7.35927292E-05  9.10330188E-04  1.74814644E-01
  1.89000000E+01  4.24720292E-01  6.33461361E-01  7.18690156E-05  8.89250026E-04  1.73357696E-01
  1.90000000E+01  4.26967489E-01  6.27930751E-01  7.01879376E-05  8.61582919E-04  1.71913132E-01
  2.00000000E+01  4.49439462E-01  5.75353812E-01  5.54810831E-05  6.95616846E-04  1.58117357E-01
  2.10000000E+01  4.71911435E-01  5.27307321E-01  4.39502515E-05  5.61118222E-04  1.45411314E-01
  2.20000000E+01  4.94383408E-01  4.83250080E-01  3.48585592E-05  4.51860615E-04  1.33677879E-01
  2.30000000E+01  5.16855382E-01  4.42722994E-01  2.76565692E-05  3.62968597E-04  1.22815615E-01
  2.40000000E+01  5.39327355E-01  4.05333972E-01  2.19300075E-05  2.90591024E-04  1.12736266E-01
  2.50000000E+01  5.61799328E-01  3.70746071E-01  1.73633530E-05  2.31661832E-04  1.03362709E-01
  2.60000000E+01  5.84271301E-01  3.38668094E-01  1.37140997E-05  1.83722656E-04  9.46272759E-02
  2.70000000E+01  6.06743274E-01  3.08847064E-01  1.07943141E-05  1.44789705E-04  8.64703661E-02
  2.80000000E+01  6.29215247E-01  2.81062148E-01  8.45725645E-06  1.13252741E-04  7.88392958E-02
  2.90000000E+01  6.51687220E-01  2.55119713E-01  6.58756286E-06  8.77973050E-05  7.16873379E-02
  3.00000000E+01  6.74159193E-01  2.30849274E-01  5.09396662E-06  6.73418128E-05  6.49729161E-02
  3.10000000E+01  6.96631166E-01  2.08100148E-01  3.90384859E-06  5.08425221E-05  5.86589263E-02
  3.21250000E+01  7.21912136E-01  1.84159993E-01  2.85585224E-06  3.66707099E-05  5.19931184E-02
  3.31250000E+01  7.44384109E-01  1.64218104E-01  2.13184822E-06  2.68221462E-05  4.64240172E-02
  3.41250000E+01  7.66856082E-01  1.45426261E-01  1.56466378E-06  1.91915361E-05  4.11623775E-02
  3.51250000E+01  7.89328056E-01  1.27690664E-01  1.12450886E-06  1.33666544E-05  3.61843329E-02
  3.61250000E+01  8.11800029E-01  1.10927069E-01  7.87116492E-07  9.00262429E-06  3.14683079E-02
  3.71250000E+01  8.34272002E-01  9.50596222E-02  5.32640309E-07  5.81028148E-06  2.69947564E-02
  3.81250000E+01  8.56743975E-01  8.00198578E-02  3.44783087E-07  3.54670823E-06  2.27459364E-02
  3.91250000E+01  8.79215948E-01  6.57458429E-02  2.10102139E-07  2.00749608E-06  1.87057126E-02
  4.01250000E+01  9.01687921E-01  5.21814351E-02  1.17449406E-07  1.02038993E-06  1.48593859E-02
  4.11250000E+01  9.24159894E-01  3.92756421E-02  5.75116653E-08  4.40035413E-07  1.11935433E-02
  4.21250000E+01  9.46631867E-01  2.69820653E-02  2.24182753E-08  1.43591029E-07  7.69592687E-03
  4.31250000E+01  9.69103840E-01  1.52584159E-02  5.37314109E-09  2.69251653E-08  4.35531893E-03
  4.41250000E+01  9.91575814E-01  4.06609448E-03  1.96339357E-10  5.51805926E-10  1.16144127E-03
  4.41750000E+01  9.92699412E-01  3.51977971E-03  1.36862535E-10  3.56155034E-10  1.00542655E-03
  4.42250000E+01  9.93823011E-01  2.97470024E-03  8.98537531E-11  2.13454974E-10  8.49753797E-04
  4.42750000E+01  9.94946610E-01  2.43085189E-03  5.42321643E-11  1.15258482E-10  6.94421902E-04
  4.43250000E+01  9.96070208E-01  1.88823050E-03  2.88357238E-11  5.31767056E-11  5.39429743E-04
  4.43750000E+01  9.97193807E-01  1.34683192E-03  1.23882408E-11  1.88681785E-11  3.84776212E-04
  4.44250000E+01  9.98317405E-01  8.06652015E-04  3.43854456E-12  4.00894318E-12  2.30460201E-04
  4.44750000E+01  9.99441004E-01  2.67686681E-04  2.18101737E-13  1.51100050E-13  7.64806093E-05
  4.44825000E+01  9.99609544E-01  1.86946384E-04  8.88944963E-14  4.98830200E-14  5.34126189E-05
  4.44900000E+01  9.99778084E-01  1.06233310E-04  2.16383411E-14  9.04266661E-15  3.03521696E-05
  4.44950000E+01  9.99890444E-01  5.24397098E-05  3.70438577E-15  1.20591573E-15  1.49827244E-05
  4.44955000E+01  9.99901680E-01  4.70610147E-05  2.82629870E-15  8.68560512E-16  1.34459641E-05
  4.44960000E+01  9.99912916E-01  4.16824405E-05  2.08663757E-15  6.00812348E-16  1.19092373E-05
  4.44965000E+01  9.99924152E-01  3.63039872E-05  1.47723409E-15  3.94649217E-16  1.03725439E-05
  4.44970000E+01  9.99935388E-01  3.09256548E-05  9.89373101E-16  2.42044480E-16  8.83588407E-06
  4.44975000E+01  9.99946624E-01  2.55474433E-05  6.13664187E-16  1.34964467E-16  7.29925769E-06
  4.44980000E+01  9.99957860E-01  2.01693526E-05  3.39853226E-16  6.53641278E-17  5.76266481E-06
  4.44985000E+01  9.99969096E-01  1.47913827E-05  1.56524661E-16  2.51780345E-17  4.22610540E-06
  4.44990000E+01  9.99980332E-01  9.41353373E-06  5.05756971E-17  6.29690957E-18  2.68957947E-06
  4.44995000E+01  9.99991567E-01  4.03580560E-06  6.08674488E-18  5.44719889E-19  1.15308703E-06
  4.44995500E+01  9.99992691E-01  3.49803944E-06  4.25717192E-18  3.52494697E-19  9.99439622E-07
  4.44996000E+01  9.99993815E-01  2.96027448E-06  2.80471877E-18  2.11842938E-19  8.45792553E-07
  4.44996500E+01  9.99994938E-01  2.42251073E-06  1.69911813E-18  1.14732648E-19  6.92145819E-07
  4.44997000E+01  9.99996062E-01  1.88474819E-06  9.07178129E-19  5.31185816E-20  5.38499420E-07
  4.44997500E+01  9.99997185E-01  1.34698686E-06  3.91712619E-19  1.89316681E-20  3.84853356E-07
  4.44998000E+01  9.99998309E-01  8.09226732E-07  1.09580847E-19  4.04958629E-21  2.31207627E-07
  4.44998500E+01  9.99999433E-01  2.71467816E-07  7.14257664E-21  1.62621603E-22  7.75622323E-08
  4.44998550E+01  9.99999545E-01  2.17691991E-07  4.11306107E-21  8.27269193E-23  6.21977112E-08
  4.44998600E+01  9.99999657E-01  1.63916178E-07  2.02354828E-21  3.46494868E-23  4.68331935E-08
  4.44998650E+01  9.99999770E-01  1.10140377E-07  7.48902733E-22  1.03049489E-23  3.14686792E-08
  4.44998700E+01  9.99999882E-01  5.63645886E-08  1.40305553E-22  1.52689916E-24  1.61041682E-08
  4.44998750E+01  9.99999994E-01  2.58881181E-09  6.34322628E-26  1.52846178E-28  7.39660520E-10
  4.44998753E+01  1.00000000E+00 -9.99767113E-11  0.00000000E+00  0.00000000E+00  7.39660520E-10
