x	xi	w	rho/rho0	SD	v2	logc= 2.07115797D+00
 0.00000000E+00 0.00000000E+00 8.82000000E+00 1.00000000E+00 1.00000000E+00 9.89693481E-01
 1.00000000E-05 8.48871660E-08 8.82000000E+00 1.00000000E+00 1.00000000E+00 9.89693481E-01
 1.10000000E-05 9.33758826E-08 8.82000000E+00 1.00000000E+00 1.00000000E+00 9.89693481E-01
 1.20000000E-05 1.01864599E-07 8.82000000E+00 1.00000000E+00 1.00000000E+00 9.89693481E-01
 1.30000000E-05 1.10353316E-07 8.82000000E+00 1.00000000E+00 1.00000000E+00 9.89693481E-01
 1.40000000E-05 1.18842032E-07 8.82000000E+00 1.00000000E+00 1.00000000E+00 9.89693481E-01
 1.50000000E-05 1.27330749E-07 8.82000000E+00 1.00000000E+00 1.00000000E+00 9.89693481E-01
 1.60000000E-05 1.35819466E-07 8.82000000E+00 1.00000000E+00 1.00000000E+00 9.89693481E-01
 1.70000000E-05 1.44308182E-07 8.82000000E+00 1.00000000E+00 1.00000000E+00 9.89693481E-01
 1.80000000E-05 1.52796899E-07 8.82000000E+00 1.00000000E+00 1.00000000E+00 9.89693481E-01
 1.90000000E-05 1.61285615E-07 8.82000000E+00 9.99999999E-01 1.00000000E+00 9.89693481E-01
 2.00000000E-05 1.69774332E-07 8.82000000E+00 9.99999999E-01 1.00000000E+00 9.89693481E-01
 2.10000000E-05 1.78263049E-07 8.82000000E+00 9.99999999E-01 1.00000000E+00 9.89693481E-01
 2.20000000E-05 1.86751765E-07 8.82000000E+00 9.99999999E-01 1.00000000E+00 9.89693481E-01
 2.30000000E-05 1.95240482E-07 8.82000000E+00 9.99999999E-01 9.99999999E-01 9.89693481E-01
 2.40000000E-05 2.03729198E-07 8.82000000E+00 9.99999999E-01 9.99999999E-01 9.89693481E-01
 2.50000000E-05 2.12217915E-07 8.82000000E+00 9.99999999E-01 9.99999999E-01 9.89693481E-01
 2.60000000E-05 2.20706632E-07 8.82000000E+00 9.99999999E-01 9.99999999E-01 9.89693481E-01
 2.70000000E-05 2.29195348E-07 8.82000000E+00 9.99999999E-01 9.99999999E-01 9.89693481E-01
 2.80000000E-05 2.37684065E-07 8.82000000E+00 9.99999999E-01 9.99999999E-01 9.89693481E-01
 2.90000000E-05 2.46172781E-07 8.82000000E+00 9.99999999E-01 9.99999999E-01 9.89693481E-01
 3.00000000E-05 2.54661498E-07 8.82000000E+00 9.99999999E-01 9.99999999E-01 9.89693481E-01
 3.10000000E-05 2.63150215E-07 8.82000000E+00 9.99999999E-01 9.99999999E-01 9.89693481E-01
 3.20000000E-05 2.71638931E-07 8.82000000E+00 9.99999998E-01 9.99999999E-01 9.89693481E-01
 3.30000000E-05 2.80127648E-07 8.82000000E+00 9.99999998E-01 9.99999999E-01 9.89693481E-01
 3.40000000E-05 2.88616364E-07 8.82000000E+00 9.99999998E-01 9.99999999E-01 9.89693481E-01
 3.50000000E-05 2.97105081E-07 8.82000000E+00 9.99999998E-01 9.99999999E-01 9.89693481E-01
 3.60000000E-05 3.05593798E-07 8.82000000E+00 9.99999998E-01 9.99999999E-01 9.89693481E-01
 3.70000000E-05 3.14082514E-07 8.82000000E+00 9.99999998E-01 9.99999999E-01 9.89693481E-01
 3.80000000E-05 3.22571231E-07 8.82000000E+00 9.99999998E-01 9.99999999E-01 9.89693481E-01
 3.90000000E-05 3.31059948E-07 8.82000000E+00 9.99999998E-01 9.99999998E-01 9.89693481E-01
 4.00000000E-05 3.39548664E-07 8.82000000E+00 9.99999998E-01 9.99999998E-01 9.89693481E-01
 4.10000000E-05 3.48037381E-07 8.82000000E+00 9.99999997E-01 9.99999998E-01 9.89693481E-01
 4.20000000E-05 3.56526097E-07 8.82000000E+00 9.99999997E-01 9.99999998E-01 9.89693481E-01
 4.30000000E-05 3.65014814E-07 8.82000000E+00 9.99999997E-01 9.99999998E-01 9.89693481E-01
 4.40000000E-05 3.73503531E-07 8.82000000E+00 9.99999997E-01 9.99999998E-01 9.89693481E-01
 4.50000000E-05 3.81992247E-07 8.82000000E+00 9.99999997E-01 9.99999998E-01 9.89693481E-01
 4.60000000E-05 3.90480964E-07 8.82000000E+00 9.99999997E-01 9.99999998E-01 9.89693481E-01
 4.70000000E-05 3.98969680E-07 8.82000000E+00 9.99999997E-01 9.99999998E-01 9.89693481E-01
 4.80000000E-05 4.07458397E-07 8.82000000E+00 9.99999997E-01 9.99999998E-01 9.89693481E-01
 4.90000000E-05 4.15947114E-07 8.82000000E+00 9.99999996E-01 9.99999998E-01 9.89693481E-01
 5.00000000E-05 4.24435830E-07 8.82000000E+00 9.99999996E-01 9.99999997E-01 9.89693481E-01
 5.10000000E-05 4.32924547E-07 8.82000000E+00 9.99999996E-01 9.99999997E-01 9.89693481E-01
 5.20000000E-05 4.41413263E-07 8.82000000E+00 9.99999996E-01 9.99999997E-01 9.89693481E-01
 5.30000000E-05 4.49901980E-07 8.82000000E+00 9.99999996E-01 9.99999997E-01 9.89693481E-01
 5.40000000E-05 4.58390697E-07 8.82000000E+00 9.99999996E-01 9.99999997E-01 9.89693481E-01
 5.50000000E-05 4.66879413E-07 8.82000000E+00 9.99999995E-01 9.99999997E-01 9.89693481E-01
 5.60000000E-05 4.75368130E-07 8.82000000E+00 9.99999995E-01 9.99999997E-01 9.89693481E-01
 5.70000000E-05 4.83856846E-07 8.82000000E+00 9.99999995E-01 9.99999997E-01 9.89693481E-01
 5.80000000E-05 4.92345563E-07 8.81999999E+00 9.99999995E-01 9.99999997E-01 9.89693481E-01
 5.90000000E-05 5.00834280E-07 8.81999999E+00 9.99999995E-01 9.99999996E-01 9.89693481E-01
 6.00000000E-05 5.09322996E-07 8.81999999E+00 9.99999995E-01 9.99999996E-01 9.89693481E-01
 6.10000000E-05 5.17811713E-07 8.81999999E+00 9.99999994E-01 9.99999996E-01 9.89693481E-01
 6.20000000E-05 5.26300429E-07 8.81999999E+00 9.99999994E-01 9.99999996E-01 9.89693481E-01
 6.30000000E-05 5.34789146E-07 8.81999999E+00 9.99999994E-01 9.99999996E-01 9.89693481E-01
 6.40000000E-05 5.43277863E-07 8.81999999E+00 9.99999994E-01 9.99999996E-01 9.89693481E-01
 6.50000000E-05 5.51766579E-07 8.81999999E+00 9.99999994E-01 9.99999996E-01 9.89693481E-01
 6.60000000E-05 5.60255296E-07 8.81999999E+00 9.99999993E-01 9.99999996E-01 9.89693481E-01
 6.70000000E-05 5.68744012E-07 8.81999999E+00 9.99999993E-01 9.99999995E-01 9.89693481E-01
 6.80000000E-05 5.77232729E-07 8.81999999E+00 9.99999993E-01 9.99999995E-01 9.89693481E-01
 6.90000000E-05 5.85721446E-07 8.81999999E+00 9.99999993E-01 9.99999995E-01 9.89693481E-01
 7.00000000E-05 5.94210162E-07 8.81999999E+00 9.99999993E-01 9.99999995E-01 9.89693481E-01
 7.10000000E-05 6.02698879E-07 8.81999999E+00 9.99999992E-01 9.99999995E-01 9.89693481E-01
 7.20000000E-05 6.11187595E-07 8.81999999E+00 9.99999992E-01 9.99999995E-01 9.89693481E-01
 7.30000000E-05 6.19676312E-07 8.81999999E+00 9.99999992E-01 9.99999995E-01 9.89693481E-01
 7.40000000E-05 6.28165029E-07 8.81999999E+00 9.99999992E-01 9.99999994E-01 9.89693481E-01
 7.50000000E-05 6.36653745E-07 8.81999999E+00 9.99999992E-01 9.99999994E-01 9.89693481E-01
 7.60000000E-05 6.45142462E-07 8.81999999E+00 9.99999991E-01 9.99999994E-01 9.89693481E-01
 7.70000000E-05 6.53631178E-07 8.81999999E+00 9.99999991E-01 9.99999994E-01 9.89693481E-01
 7.80000000E-05 6.62119895E-07 8.81999999E+00 9.99999991E-01 9.99999994E-01 9.89693481E-01
 7.90000000E-05 6.70608612E-07 8.81999999E+00 9.99999991E-01 9.99999994E-01 9.89693481E-01
 8.00000000E-05 6.79097328E-07 8.81999999E+00 9.99999990E-01 9.99999993E-01 9.89693481E-01
 8.10000000E-05 6.87586045E-07 8.81999999E+00 9.99999990E-01 9.99999993E-01 9.89693481E-01
 8.20000000E-05 6.96074761E-07 8.81999999E+00 9.99999990E-01 9.99999993E-01 9.89693481E-01
 8.30000000E-05 7.04563478E-07 8.81999999E+00 9.99999990E-01 9.99999993E-01 9.89693481E-01
 8.40000000E-05 7.13052195E-07 8.81999999E+00 9.99999989E-01 9.99999993E-01 9.89693481E-01
 8.50000000E-05 7.21540911E-07 8.81999999E+00 9.99999989E-01 9.99999993E-01 9.89693481E-01
 8.60000000E-05 7.30029628E-07 8.81999999E+00 9.99999989E-01 9.99999992E-01 9.89693481E-01
 8.70000000E-05 7.38518344E-07 8.81999999E+00 9.99999989E-01 9.99999992E-01 9.89693481E-01
 8.80000000E-05 7.47007061E-07 8.81999999E+00 9.99999988E-01 9.99999992E-01 9.89693481E-01
 8.90000000E-05 7.55495778E-07 8.81999999E+00 9.99999988E-01 9.99999992E-01 9.89693481E-01
 9.00000000E-05 7.63984494E-07 8.81999999E+00 9.99999988E-01 9.99999992E-01 9.89693481E-01
 9.10000000E-05 7.72473211E-07 8.81999999E+00 9.99999988E-01 9.99999992E-01 9.89693481E-01
 9.20000000E-05 7.80961927E-07 8.81999999E+00 9.99999987E-01 9.99999991E-01 9.89693481E-01
 9.30000000E-05 7.89450644E-07 8.81999999E+00 9.99999987E-01 9.99999991E-01 9.89693481E-01
 9.40000000E-05 7.97939361E-07 8.81999999E+00 9.99999987E-01 9.99999991E-01 9.89693481E-01
 9.50000000E-05 8.06428077E-07 8.81999999E+00 9.99999986E-01 9.99999991E-01 9.89693481E-01
 9.60000000E-05 8.14916794E-07 8.81999999E+00 9.99999986E-01 9.99999991E-01 9.89693481E-01
 9.70000000E-05 8.23405510E-07 8.81999999E+00 9.99999986E-01 9.99999990E-01 9.89693481E-01
 9.80000000E-05 8.31894227E-07 8.81999999E+00 9.99999986E-01 9.99999990E-01 9.89693481E-01
 9.90000000E-05 8.40382944E-07 8.81999999E+00 9.99999985E-01 9.99999990E-01 9.89693481E-01
 1.00000000E-04 8.48871660E-07 8.81999998E+00 9.99999985E-01 9.99999990E-01 9.89693481E-01
 1.10000000E-04 9.33758826E-07 8.81999998E+00 9.99999982E-01 9.99999988E-01 9.89693481E-01
 1.20000000E-04 1.01864599E-06 8.81999998E+00 9.99999978E-01 9.99999985E-01 9.89693481E-01
 1.30000000E-04 1.10353316E-06 8.81999997E+00 9.99999975E-01 9.99999983E-01 9.89693481E-01
 1.40000000E-04 1.18842032E-06 8.81999997E+00 9.99999971E-01 9.99999980E-01 9.89693481E-01
 1.50000000E-04 1.27330749E-06 8.81999997E+00 9.99999966E-01 9.99999977E-01 9.89693481E-01
 1.60000000E-04 1.35819466E-06 8.81999996E+00 9.99999961E-01 9.99999974E-01 9.89693481E-01
 1.70000000E-04 1.44308182E-06 8.81999996E+00 9.99999957E-01 9.99999971E-01 9.89693481E-01
 1.80000000E-04 1.52796899E-06 8.81999995E+00 9.99999951E-01 9.99999967E-01 9.89693481E-01
 1.90000000E-04 1.61285615E-06 8.81999995E+00 9.99999946E-01 9.99999963E-01 9.89693481E-01
 2.00000000E-04 1.69774332E-06 8.81999994E+00 9.99999940E-01 9.99999959E-01 9.89693481E-01
 2.10000000E-04 1.78263049E-06 8.81999993E+00 9.99999934E-01 9.99999955E-01 9.89693481E-01
 2.20000000E-04 1.86751765E-06 8.81999993E+00 9.99999927E-01 9.99999951E-01 9.89693481E-01
 2.30000000E-04 1.95240482E-06 8.81999992E+00 9.99999920E-01 9.99999946E-01 9.89693481E-01
 2.40000000E-04 2.03729198E-06 8.81999991E+00 9.99999913E-01 9.99999941E-01 9.89693481E-01
 2.50000000E-04 2.12217915E-06 8.81999991E+00 9.99999906E-01 9.99999936E-01 9.89693480E-01
 2.60000000E-04 2.20706632E-06 8.81999990E+00 9.99999898E-01 9.99999931E-01 9.89693480E-01
 2.70000000E-04 2.29195348E-06 8.81999989E+00 9.99999890E-01 9.99999926E-01 9.89693480E-01
 2.80000000E-04 2.37684065E-06 8.81999988E+00 9.99999882E-01 9.99999920E-01 9.89693480E-01
 2.90000000E-04 2.46172781E-06 8.81999987E+00 9.99999873E-01 9.99999914E-01 9.89693480E-01
 3.00000000E-04 2.54661498E-06 8.81999987E+00 9.99999865E-01 9.99999908E-01 9.89693480E-01
 3.10000000E-04 2.63150215E-06 8.81999986E+00 9.99999855E-01 9.99999902E-01 9.89693480E-01
 3.20000000E-04 2.71638931E-06 8.81999985E+00 9.99999846E-01 9.99999896E-01 9.89693480E-01
 3.30000000E-04 2.80127648E-06 8.81999984E+00 9.99999836E-01 9.99999889E-01 9.89693480E-01
 3.40000000E-04 2.88616364E-06 8.81999983E+00 9.99999826E-01 9.99999882E-01 9.89693480E-01
 3.50000000E-04 2.97105081E-06 8.81999982E+00 9.99999816E-01 9.99999875E-01 9.89693480E-01
 3.60000000E-04 3.05593798E-06 8.81999981E+00 9.99999805E-01 9.99999868E-01 9.89693480E-01
 3.70000000E-04 3.14082514E-06 8.81999979E+00 9.99999794E-01 9.99999860E-01 9.89693480E-01
 3.80000000E-04 3.22571231E-06 8.81999978E+00 9.99999783E-01 9.99999853E-01 9.89693480E-01
 3.90000000E-04 3.31059948E-06 8.81999977E+00 9.99999771E-01 9.99999845E-01 9.89693479E-01
 4.00000000E-04 3.39548664E-06 8.81999976E+00 9.99999759E-01 9.99999837E-01 9.89693479E-01
 4.10000000E-04 3.48037381E-06 8.81999975E+00 9.99999747E-01 9.99999829E-01 9.89693479E-01
 4.20000000E-04 3.56526097E-06 8.81999974E+00 9.99999735E-01 9.99999820E-01 9.89693479E-01
 4.30000000E-04 3.65014814E-06 8.81999972E+00 9.99999722E-01 9.99999812E-01 9.89693479E-01
 4.40000000E-04 3.73503531E-06 8.81999971E+00 9.99999709E-01 9.99999803E-01 9.89693479E-01
 4.50000000E-04 3.81992247E-06 8.81999970E+00 9.99999695E-01 9.99999794E-01 9.89693479E-01
 4.60000000E-04 3.90480964E-06 8.81999968E+00 9.99999682E-01 9.99999784E-01 9.89693479E-01
 4.70000000E-04 3.98969680E-06 8.81999967E+00 9.99999668E-01 9.99999775E-01 9.89693479E-01
 4.80000000E-04 4.07458397E-06 8.81999965E+00 9.99999653E-01 9.99999765E-01 9.89693479E-01
 4.90000000E-04 4.15947114E-06 8.81999964E+00 9.99999639E-01 9.99999755E-01 9.89693478E-01
 5.00000000E-04 4.24435830E-06 8.81999963E+00 9.99999624E-01 9.99999745E-01 9.89693478E-01
 5.10000000E-04 4.32924547E-06 8.81999961E+00 9.99999609E-01 9.99999735E-01 9.89693478E-01
 5.20000000E-04 4.41413263E-06 8.81999959E+00 9.99999593E-01 9.99999724E-01 9.89693478E-01
 5.30000000E-04 4.49901980E-06 8.81999958E+00 9.99999577E-01 9.99999714E-01 9.89693478E-01
 5.40000000E-04 4.58390697E-06 8.81999956E+00 9.99999561E-01 9.99999703E-01 9.89693478E-01
 5.50000000E-04 4.66879413E-06 8.81999955E+00 9.99999545E-01 9.99999692E-01 9.89693478E-01
 5.60000000E-04 4.75368130E-06 8.81999953E+00 9.99999528E-01 9.99999680E-01 9.89693478E-01
 5.70000000E-04 4.83856846E-06 8.81999951E+00 9.99999511E-01 9.99999669E-01 9.89693478E-01
 5.80000000E-04 4.92345563E-06 8.81999950E+00 9.99999494E-01 9.99999657E-01 9.89693477E-01
 5.90000000E-04 5.00834280E-06 8.81999948E+00 9.99999476E-01 9.99999645E-01 9.89693477E-01
 6.00000000E-04 5.09322996E-06 8.81999946E+00 9.99999458E-01 9.99999633E-01 9.89693477E-01
 6.10000000E-04 5.17811713E-06 8.81999944E+00 9.99999440E-01 9.99999621E-01 9.89693477E-01
 6.20000000E-04 5.26300429E-06 8.81999942E+00 9.99999422E-01 9.99999608E-01 9.89693477E-01
 6.30000000E-04 5.34789146E-06 8.81999940E+00 9.99999403E-01 9.99999595E-01 9.89693477E-01
 6.40000000E-04 5.43277863E-06 8.81999939E+00 9.99999384E-01 9.99999582E-01 9.89693477E-01
 6.50000000E-04 5.51766579E-06 8.81999937E+00 9.99999364E-01 9.99999569E-01 9.89693476E-01
 6.60000000E-04 5.60255296E-06 8.81999935E+00 9.99999345E-01 9.99999556E-01 9.89693476E-01
 6.70000000E-04 5.68744012E-06 8.81999933E+00 9.99999325E-01 9.99999542E-01 9.89693476E-01
 6.80000000E-04 5.77232729E-06 8.81999931E+00 9.99999304E-01 9.99999529E-01 9.89693476E-01
 6.90000000E-04 5.85721446E-06 8.81999929E+00 9.99999284E-01 9.99999515E-01 9.89693476E-01
 7.00000000E-04 5.94210162E-06 8.81999927E+00 9.99999263E-01 9.99999500E-01 9.89693476E-01
 7.10000000E-04 6.02698879E-06 8.81999924E+00 9.99999242E-01 9.99999486E-01 9.89693476E-01
 7.20000000E-04 6.11187595E-06 8.81999922E+00 9.99999220E-01 9.99999472E-01 9.89693475E-01
 7.30000000E-04 6.19676312E-06 8.81999920E+00 9.99999198E-01 9.99999457E-01 9.89693475E-01
 7.40000000E-04 6.28165029E-06 8.81999918E+00 9.99999176E-01 9.99999442E-01 9.89693475E-01
 7.50000000E-04 6.36653745E-06 8.81999916E+00 9.99999154E-01 9.99999427E-01 9.89693475E-01
 7.60000000E-04 6.45142462E-06 8.81999913E+00 9.99999131E-01 9.99999411E-01 9.89693475E-01
 7.70000000E-04 6.53631178E-06 8.81999911E+00 9.99999108E-01 9.99999396E-01 9.89693475E-01
 7.80000000E-04 6.62119895E-06 8.81999909E+00 9.99999085E-01 9.99999380E-01 9.89693474E-01
 7.90000000E-04 6.70608612E-06 8.81999906E+00 9.99999061E-01 9.99999364E-01 9.89693474E-01
 8.00000000E-04 6.79097328E-06 8.81999904E+00 9.99999037E-01 9.99999348E-01 9.89693474E-01
 8.10000000E-04 6.87586045E-06 8.81999902E+00 9.99999013E-01 9.99999331E-01 9.89693474E-01
 8.20000000E-04 6.96074761E-06 8.81999899E+00 9.99998988E-01 9.99999315E-01 9.89693474E-01
 8.30000000E-04 7.04563478E-06 8.81999897E+00 9.99998964E-01 9.99999298E-01 9.89693473E-01
 8.40000000E-04 7.13052195E-06 8.81999894E+00 9.99998939E-01 9.99999281E-01 9.89693473E-01
 8.50000000E-04 7.21540911E-06 8.81999892E+00 9.99998913E-01 9.99999263E-01 9.89693473E-01
 8.60000000E-04 7.30029628E-06 8.81999889E+00 9.99998887E-01 9.99999246E-01 9.89693473E-01
 8.70000000E-04 7.38518344E-06 8.81999886E+00 9.99998861E-01 9.99999228E-01 9.89693473E-01
 8.80000000E-04 7.47007061E-06 8.81999884E+00 9.99998835E-01 9.99999211E-01 9.89693473E-01
 8.90000000E-04 7.55495778E-06 8.81999881E+00 9.99998808E-01 9.99999193E-01 9.89693472E-01
 9.00000000E-04 7.63984494E-06 8.81999879E+00 9.99998781E-01 9.99999174E-01 9.89693472E-01
 9.10000000E-04 7.72473211E-06 8.81999876E+00 9.99998754E-01 9.99999156E-01 9.89693472E-01
 9.20000000E-04 7.80961927E-06 8.81999873E+00 9.99998727E-01 9.99999137E-01 9.89693472E-01
 9.30000000E-04 7.89450644E-06 8.81999870E+00 9.99998699E-01 9.99999118E-01 9.89693472E-01
 9.40000000E-04 7.97939361E-06 8.81999867E+00 9.99998671E-01 9.99999099E-01 9.89693471E-01
 9.50000000E-04 8.06428077E-06 8.81999865E+00 9.99998642E-01 9.99999080E-01 9.89693471E-01
 9.60000000E-04 8.14916794E-06 8.81999862E+00 9.99998614E-01 9.99999060E-01 9.89693471E-01
 9.70000000E-04 8.23405510E-06 8.81999859E+00 9.99998585E-01 9.99999041E-01 9.89693471E-01
 9.80000000E-04 8.31894227E-06 8.81999856E+00 9.99998555E-01 9.99999021E-01 9.89693470E-01
 9.90000000E-04 8.40382944E-06 8.81999853E+00 9.99998526E-01 9.99999001E-01 9.89693470E-01
 1.00000000E-03 8.48871660E-06 8.81999850E+00 9.99998496E-01 9.99998981E-01 9.89693470E-01
 1.15000000E-03 9.76202409E-06 8.81999802E+00 9.99998010E-01 9.99998652E-01 9.89693466E-01
 1.30000000E-03 1.10353316E-05 8.81999747E+00 9.99997458E-01 9.99998277E-01 9.89693462E-01
 1.40000000E-03 1.18842032E-05 8.81999706E+00 9.99997051E-01 9.99998002E-01 9.89693459E-01
 1.50000000E-03 1.27330749E-05 8.81999663E+00 9.99996615E-01 9.99997706E-01 9.89693456E-01
 1.60000000E-03 1.35819466E-05 8.81999616E+00 9.99996149E-01 9.99997390E-01 9.89693453E-01
 1.70000000E-03 1.44308182E-05 8.81999567E+00 9.99995652E-01 9.99997054E-01 9.89693449E-01
 1.80000000E-03 1.52796899E-05 8.81999514E+00 9.99995126E-01 9.99996697E-01 9.89693445E-01
 1.90000000E-03 1.61285615E-05 8.81999459E+00 9.99994569E-01 9.99996320E-01 9.89693441E-01
 2.00000000E-03 1.69774332E-05 8.81999400E+00 9.99993983E-01 9.99995922E-01 9.89693437E-01
 2.10000000E-03 1.78263049E-05 8.81999339E+00 9.99993366E-01 9.99995504E-01 9.89693432E-01
 2.20000000E-03 1.86751765E-05 8.81999274E+00 9.99992719E-01 9.99995066E-01 9.89693427E-01
 2.30000000E-03 1.95240482E-05 8.81999207E+00 9.99992042E-01 9.99994607E-01 9.89693422E-01
 2.40000000E-03 2.03729198E-05 8.81999136E+00 9.99991335E-01 9.99994128E-01 9.89693417E-01
 2.50000000E-03 2.12217915E-05 8.81999063E+00 9.99990598E-01 9.99993628E-01 9.89693412E-01
 2.60000000E-03 2.20706632E-05 8.81998986E+00 9.99989830E-01 9.99993109E-01 9.89693406E-01
 2.70000000E-03 2.29195348E-05 8.81998907E+00 9.99989033E-01 9.99992568E-01 9.89693400E-01
 2.80000000E-03 2.37684065E-05 8.81998824E+00 9.99988206E-01 9.99992008E-01 9.89693394E-01
 2.90000000E-03 2.46172781E-05 8.81998739E+00 9.99987348E-01 9.99991427E-01 9.89693388E-01
 3.00000000E-03 2.54661498E-05 8.81998650E+00 9.99986461E-01 9.99990825E-01 9.89693381E-01
 3.10000000E-03 2.63150215E-05 8.81998559E+00 9.99985543E-01 9.99990203E-01 9.89693374E-01
 3.20000000E-03 2.71638931E-05 8.81998464E+00 9.99984595E-01 9.99989561E-01 9.89693367E-01
 3.30000000E-03 2.80127648E-05 8.81998367E+00 9.99983617E-01 9.99988898E-01 9.89693360E-01
 3.40000000E-03 2.88616364E-05 8.81998266E+00 9.99982610E-01 9.99988215E-01 9.89693353E-01
 3.50000000E-03 2.97105081E-05 8.81998163E+00 9.99981572E-01 9.99987512E-01 9.89693345E-01
 3.60000000E-03 3.05593798E-05 8.81998056E+00 9.99980504E-01 9.99986788E-01 9.89693337E-01
 3.70000000E-03 3.14082514E-05 8.81997947E+00 9.99979405E-01 9.99986044E-01 9.89693329E-01
 3.80000000E-03 3.22571231E-05 8.81997834E+00 9.99978277E-01 9.99985279E-01 9.89693321E-01
 3.90000000E-03 3.31059948E-05 8.81997719E+00 9.99977119E-01 9.99984494E-01 9.89693312E-01
 4.00000000E-03 3.39548664E-05 8.81997600E+00 9.99975930E-01 9.99983689E-01 9.89693303E-01
 4.10000000E-03 3.48037381E-05 8.81997479E+00 9.99974712E-01 9.99982863E-01 9.89693294E-01
 4.20000000E-03 3.56526097E-05 8.81997354E+00 9.99973463E-01 9.99982017E-01 9.89693285E-01
 4.30000000E-03 3.65014814E-05 8.81997227E+00 9.99972185E-01 9.99981151E-01 9.89693275E-01
 4.40000000E-03 3.73503531E-05 8.81997096E+00 9.99970876E-01 9.99980264E-01 9.89693266E-01
 4.50000000E-03 3.81992247E-05 8.81996963E+00 9.99969537E-01 9.99979357E-01 9.89693256E-01
 4.60000000E-03 3.90480964E-05 8.81996826E+00 9.99968168E-01 9.99978429E-01 9.89693246E-01
 4.70000000E-03 3.98969680E-05 8.81996687E+00 9.99966769E-01 9.99977481E-01 9.89693235E-01
 4.80000000E-03 4.07458397E-05 8.81996544E+00 9.99965340E-01 9.99976512E-01 9.89693225E-01
 4.90000000E-03 4.15947114E-05 8.81996399E+00 9.99963881E-01 9.99975524E-01 9.89693214E-01
 5.00000000E-03 4.24435830E-05 8.81996250E+00 9.99962392E-01 9.99974514E-01 9.89693203E-01
 5.10000000E-03 4.32924547E-05 8.81996099E+00 9.99960872E-01 9.99973485E-01 9.89693192E-01
 5.20000000E-03 4.41413263E-05 8.81995944E+00 9.99959323E-01 9.99972435E-01 9.89693180E-01
 5.30000000E-03 4.49901980E-05 8.81995787E+00 9.99957743E-01 9.99971365E-01 9.89693169E-01
 5.40000000E-03 4.58390697E-05 8.81995626E+00 9.99956134E-01 9.99970274E-01 9.89693157E-01
 5.50000000E-03 4.66879413E-05 8.81995463E+00 9.99954494E-01 9.99969163E-01 9.89693145E-01
 5.60000000E-03 4.75368130E-05 8.81995296E+00 9.99952824E-01 9.99968031E-01 9.89693132E-01
 5.70000000E-03 4.83856846E-05 8.81995127E+00 9.99951125E-01 9.99966879E-01 9.89693120E-01
 5.80000000E-03 4.92345563E-05 8.81994954E+00 9.99949395E-01 9.99965707E-01 9.89693107E-01
 5.90000000E-03 5.00834280E-05 8.81994779E+00 9.99947635E-01 9.99964514E-01 9.89693094E-01
 6.00000000E-03 5.09322996E-05 8.81994600E+00 9.99945845E-01 9.99963301E-01 9.89693081E-01
 6.10000000E-03 5.17811713E-05 8.81994419E+00 9.99944024E-01 9.99962068E-01 9.89693067E-01
 6.20000000E-03 5.26300429E-05 8.81994234E+00 9.99942174E-01 9.99960814E-01 9.89693054E-01
 6.30000000E-03 5.34789146E-05 8.81994047E+00 9.99940294E-01 9.99959540E-01 9.89693040E-01
 6.40000000E-03 5.43277863E-05 8.81993856E+00 9.99938384E-01 9.99958245E-01 9.89693026E-01
 6.50000000E-03 5.51766579E-05 8.81993663E+00 9.99936443E-01 9.99956930E-01 9.89693011E-01
 6.60000000E-03 5.60255296E-05 8.81993466E+00 9.99934473E-01 9.99955595E-01 9.89692997E-01
 6.70000000E-03 5.68744012E-05 8.81993267E+00 9.99932472E-01 9.99954239E-01 9.89692982E-01
 6.80000000E-03 5.77232729E-05 8.81993064E+00 9.99930441E-01 9.99952863E-01 9.89692967E-01
 6.90000000E-03 5.85721446E-05 8.81992859E+00 9.99928380E-01 9.99951466E-01 9.89692952E-01
 7.00000000E-03 5.94210162E-05 8.81992650E+00 9.99926290E-01 9.99950049E-01 9.89692936E-01
 7.10000000E-03 6.02698879E-05 8.81992439E+00 9.99924169E-01 9.99948612E-01 9.89692920E-01
 7.20000000E-03 6.11187595E-05 8.81992224E+00 9.99922018E-01 9.99947154E-01 9.89692905E-01
 7.30000000E-03 6.19676312E-05 8.81992007E+00 9.99919837E-01 9.99945676E-01 9.89692888E-01
 7.40000000E-03 6.28165029E-05 8.81991786E+00 9.99917625E-01 9.99944178E-01 9.89692872E-01
 7.50000000E-03 6.36653745E-05 8.81991563E+00 9.99915384E-01 9.99942659E-01 9.89692855E-01
 7.60000000E-03 6.45142462E-05 8.81991336E+00 9.99913113E-01 9.99941120E-01 9.89692839E-01
 7.70000000E-03 6.53631178E-05 8.81991107E+00 9.99910812E-01 9.99939560E-01 9.89692822E-01
 7.80000000E-03 6.62119895E-05 8.81990874E+00 9.99908480E-01 9.99937980E-01 9.89692804E-01
 7.90000000E-03 6.70608612E-05 8.81990639E+00 9.99906119E-01 9.99936379E-01 9.89692787E-01
 8.00000000E-03 6.79097328E-05 8.81990400E+00 9.99903727E-01 9.99934759E-01 9.89692769E-01
 8.10000000E-03 6.87586045E-05 8.81990159E+00 9.99901305E-01 9.99933117E-01 9.89692751E-01
 8.20000000E-03 6.96074761E-05 8.81989914E+00 9.99898854E-01 9.99931456E-01 9.89692733E-01
 8.30000000E-03 7.04563478E-05 8.81989667E+00 9.99896372E-01 9.99929774E-01 9.89692715E-01
 8.40000000E-03 7.13052195E-05 8.81989416E+00 9.99893860E-01 9.99928072E-01 9.89692696E-01
 8.50000000E-03 7.21540911E-05 8.81989163E+00 9.99891318E-01 9.99926349E-01 9.89692678E-01
 8.60000000E-03 7.30029628E-05 8.81988906E+00 9.99888746E-01 9.99924606E-01 9.89692658E-01
 8.70000000E-03 7.38518344E-05 8.81988647E+00 9.99886144E-01 9.99922842E-01 9.89692639E-01
 8.80000000E-03 7.47007061E-05 8.81988384E+00 9.99883511E-01 9.99921058E-01 9.89692620E-01
 8.90000000E-03 7.55495778E-05 8.81988119E+00 9.99880849E-01 9.99919254E-01 9.89692600E-01
 9.00000000E-03 7.63984494E-05 8.81987850E+00 9.99878157E-01 9.99917429E-01 9.89692580E-01
 9.10000000E-03 7.72473211E-05 8.81987579E+00 9.99875435E-01 9.99915584E-01 9.89692560E-01
 9.20000000E-03 7.80961927E-05 8.81987304E+00 9.99872682E-01 9.99913718E-01 9.89692540E-01
 9.30000000E-03 7.89450644E-05 8.81987027E+00 9.99869900E-01 9.99911832E-01 9.89692519E-01
 9.40000000E-03 7.97939361E-05 8.81986747E+00 9.99867087E-01 9.99909925E-01 9.89692498E-01
 9.50000000E-03 8.06428077E-05 8.81986463E+00 9.99864244E-01 9.99907998E-01 9.89692477E-01
 9.60000000E-03 8.14916794E-05 8.81986177E+00 9.99861372E-01 9.99906051E-01 9.89692456E-01
 9.70000000E-03 8.23405510E-05 8.81985887E+00 9.99858469E-01 9.99904082E-01 9.89692435E-01
 9.80000000E-03 8.31894227E-05 8.81985595E+00 9.99855536E-01 9.99902093E-01 9.89692413E-01
 9.90000000E-03 8.40382944E-05 8.81985299E+00 9.99852573E-01 9.99900082E-01 9.89692391E-01
 1.00000000E-02 8.48871660E-05 8.81985001E+00 9.99849580E-01 9.99898040E-01 9.89692369E-01
 1.10000000E-02 9.33758826E-05 8.81981851E+00 9.99817996E-01 9.99876633E-01 9.89692135E-01
 1.20000000E-02 1.01864599E-04 8.81978401E+00 9.99783406E-01 9.99853188E-01 9.89691879E-01
 1.30000000E-02 1.10353316E-04 8.81974652E+00 9.99745811E-01 9.99827706E-01 9.89691601E-01
 1.40000000E-02 1.18842032E-04 8.81970603E+00 9.99705211E-01 9.99800187E-01 9.89691301E-01
 1.50000000E-02 1.27330749E-04 8.81966253E+00 9.99661606E-01 9.99770632E-01 9.89690978E-01
 1.60000000E-02 1.35819466E-04 8.81961604E+00 9.99614997E-01 9.99739040E-01 9.89690634E-01
 1.70000000E-02 1.44308182E-04 8.81956656E+00 9.99565385E-01 9.99705412E-01 9.89690267E-01
 1.80000000E-02 1.52796899E-04 8.81951407E+00 9.99512770E-01 9.99669749E-01 9.89689877E-01
 1.90000000E-02 1.61285615E-04 8.81945859E+00 9.99457154E-01 9.99632051E-01 9.89689466E-01
 2.00000000E-02 1.69774332E-04 8.81940011E+00 9.99398536E-01 9.99592318E-01 9.89689032E-01
 2.10000000E-02 1.78263049E-04 8.81933863E+00 9.99336919E-01 9.99550551E-01 9.89688576E-01
 2.20000000E-02 1.86751765E-04 8.81927416E+00 9.99272302E-01 9.99506750E-01 9.89688098E-01
 2.30000000E-02 1.95240482E-04 8.81920669E+00 9.99204688E-01 9.99460916E-01 9.89687597E-01
 2.40000000E-02 2.03729198E-04 8.81913622E+00 9.99134075E-01 9.99413049E-01 9.89687074E-01
 2.50000000E-02 2.12217915E-04 8.81906276E+00 9.99060467E-01 9.99363150E-01 9.89686529E-01
 2.60000000E-02 2.20706632E-04 8.81898631E+00 9.98983863E-01 9.99311219E-01 9.89685962E-01
 2.70000000E-02 2.29195348E-04 8.81890686E+00 9.98904265E-01 9.99257258E-01 9.89685372E-01
 2.80000000E-02 2.37684065E-04 8.81882442E+00 9.98821675E-01 9.99201266E-01 9.89684760E-01
 2.90000000E-02 2.46172781E-04 8.81873898E+00 9.98736092E-01 9.99143244E-01 9.89684126E-01
 3.00000000E-02 2.54661498E-04 8.81865055E+00 9.98647519E-01 9.99083194E-01 9.89683470E-01
 3.10000000E-02 2.63150215E-04 8.81855912E+00 9.98555957E-01 9.99021115E-01 9.89682791E-01
 3.20000000E-02 2.71638931E-04 8.81846471E+00 9.98461406E-01 9.98957009E-01 9.89682091E-01
 3.30000000E-02 2.80127648E-04 8.81836730E+00 9.98363869E-01 9.98890875E-01 9.89681368E-01
 3.40000000E-02 2.88616364E-04 8.81826690E+00 9.98263347E-01 9.98822716E-01 9.89680622E-01
 3.50000000E-02 2.97105081E-04 8.81816352E+00 9.98159841E-01 9.98752531E-01 9.89679855E-01
 3.60000000E-02 3.05593798E-04 8.81805714E+00 9.98053353E-01 9.98680322E-01 9.89679065E-01
 3.70000000E-02 3.14082514E-04 8.81794777E+00 9.97943884E-01 9.98606089E-01 9.89678253E-01
 3.80000000E-02 3.22571231E-04 8.81783541E+00 9.97831436E-01 9.98529833E-01 9.89677418E-01
 3.90000000E-02 3.31059948E-04 8.81772006E+00 9.97716010E-01 9.98451556E-01 9.89676562E-01
 4.00000000E-02 3.39548664E-04 8.81760173E+00 9.97597609E-01 9.98371257E-01 9.89675683E-01
 4.10000000E-02 3.48037381E-04 8.81748041E+00 9.97476233E-01 9.98288938E-01 9.89674782E-01
 4.20000000E-02 3.56526097E-04 8.81735610E+00 9.97351885E-01 9.98204600E-01 9.89673858E-01
 4.30000000E-02 3.65014814E-04 8.81722881E+00 9.97224566E-01 9.98118243E-01 9.89672913E-01
 4.40000000E-02 3.73503531E-04 8.81709853E+00 9.97094278E-01 9.98029869E-01 9.89671945E-01
 4.50000000E-02 3.81992247E-04 8.81696527E+00 9.96961023E-01 9.97939479E-01 9.89670955E-01
 4.60000000E-02 3.90480964E-04 8.81682903E+00 9.96824803E-01 9.97847074E-01 9.89669942E-01
 4.70000000E-02 3.98969680E-04 8.81668980E+00 9.96685620E-01 9.97752655E-01 9.89668908E-01
 4.80000000E-02 4.07458397E-04 8.81654759E+00 9.96543476E-01 9.97656222E-01 9.89667851E-01
 4.90000000E-02 4.15947114E-04 8.81640240E+00 9.96398373E-01 9.97557777E-01 9.89666771E-01
 5.00000000E-02 4.24435830E-04 8.81625423E+00 9.96250313E-01 9.97457322E-01 9.89665670E-01
 5.10000000E-02 4.32924547E-04 8.81610307E+00 9.96099298E-01 9.97354856E-01 9.89664546E-01
 5.20000000E-02 4.41413263E-04 8.81594894E+00 9.95945330E-01 9.97250382E-01 9.89663400E-01
 5.30000000E-02 4.49901980E-04 8.81579183E+00 9.95788412E-01 9.97143901E-01 9.89662232E-01
 5.40000000E-02 4.58390697E-04 8.81563175E+00 9.95628545E-01 9.97035413E-01 9.89661041E-01
 5.50000000E-02 4.66879413E-04 8.81546868E+00 9.95465732E-01 9.96924920E-01 9.89659829E-01
 5.60000000E-02 4.75368130E-04 8.81530265E+00 9.95299976E-01 9.96812423E-01 9.89658593E-01
 5.70000000E-02 4.83856846E-04 8.81513363E+00 9.95131278E-01 9.96697923E-01 9.89657336E-01
 5.80000000E-02 4.92345563E-04 8.81496165E+00 9.94959642E-01 9.96581422E-01 9.89656057E-01
 5.90000000E-02 5.00834280E-04 8.81478669E+00 9.94785069E-01 9.96462921E-01 9.89654755E-01
 6.00000000E-02 5.09322996E-04 8.81460876E+00 9.94607562E-01 9.96342421E-01 9.89653430E-01
 6.10000000E-02 5.17811713E-04 8.81442785E+00 9.94427124E-01 9.96219924E-01 9.89652084E-01
 6.20000000E-02 5.26300429E-04 8.81424398E+00 9.94243757E-01 9.96095430E-01 9.89650715E-01
 6.30000000E-02 5.34789146E-04 8.81405714E+00 9.94057463E-01 9.95968941E-01 9.89649324E-01
 6.40000000E-02 5.43277863E-04 8.81386733E+00 9.93868246E-01 9.95840459E-01 9.89647911E-01
 6.50000000E-02 5.51766579E-04 8.81367456E+00 9.93676108E-01 9.95709985E-01 9.89646476E-01
 6.60000000E-02 5.60255296E-04 8.81347881E+00 9.93481052E-01 9.95577520E-01 9.89645018E-01
 6.70000000E-02 5.68744012E-04 8.81328011E+00 9.93283081E-01 9.95443066E-01 9.89643538E-01
 6.80000000E-02 5.77232729E-04 8.81307844E+00 9.93082197E-01 9.95306623E-01 9.89642035E-01
 6.90000000E-02 5.85721446E-04 8.81287380E+00 9.92878403E-01 9.95168194E-01 9.89640511E-01
 7.00000000E-02 5.94210162E-04 8.81266621E+00 9.92671702E-01 9.95027779E-01 9.89638964E-01
 7.10000000E-02 6.02698879E-04 8.81245565E+00 9.92462098E-01 9.94885381E-01 9.89637394E-01
 7.20000000E-02 6.11187595E-04 8.81224214E+00 9.92249593E-01 9.94741000E-01 9.89635803E-01
 7.30000000E-02 6.19676312E-04 8.81202567E+00 9.92034190E-01 9.94594638E-01 9.89634189E-01
 7.40000000E-02 6.28165029E-04 8.81180624E+00 9.91815892E-01 9.94446296E-01 9.89632553E-01
 7.50000000E-02 6.36653745E-04 8.81158385E+00 9.91594702E-01 9.94295976E-01 9.89630895E-01
 7.60000000E-02 6.45142462E-04 8.81135851E+00 9.91370624E-01 9.94143678E-01 9.89629214E-01
 7.70000000E-02 6.53631178E-04 8.81113022E+00 9.91143660E-01 9.93989405E-01 9.89627511E-01
 7.80000000E-02 6.62119895E-04 8.81089897E+00 9.90913814E-01 9.93833157E-01 9.89625786E-01
 7.90000000E-02 6.70608612E-04 8.81066477E+00 9.90681089E-01 9.93674935E-01 9.89624038E-01
 8.00000000E-02 6.79097328E-04 8.81042763E+00 9.90445489E-01 9.93514740E-01 9.89622269E-01
 8.10000000E-02 6.87586045E-04 8.81018753E+00 9.90207016E-01 9.93352574E-01 9.89620476E-01
 8.20000000E-02 6.96074761E-04 8.80994449E+00 9.89965674E-01 9.93188437E-01 9.89618662E-01
 8.30000000E-02 7.04563478E-04 8.80969850E+00 9.89721467E-01 9.93022329E-01 9.89616825E-01
 8.40000000E-02 7.13052195E-04 8.80944957E+00 9.89474398E-01 9.92854252E-01 9.89614966E-01
 8.50000000E-02 7.21540911E-04 8.80919769E+00 9.89224470E-01 9.92684205E-01 9.89613085E-01
 8.60000000E-02 7.30029628E-04 8.80894287E+00 9.88971687E-01 9.92512188E-01 9.89611181E-01
 8.70000000E-02 7.38518344E-04 8.80868512E+00 9.88716052E-01 9.92338199E-01 9.89609256E-01
 8.80000000E-02 7.47007061E-04 8.80842442E+00 9.88457570E-01 9.92162238E-01 9.89607307E-01
 8.90000000E-02 7.55495778E-04 8.80816078E+00 9.88196243E-01 9.91984301E-01 9.89605337E-01
 9.00000000E-02 7.63984494E-04 8.80789421E+00 9.87932076E-01 9.91804385E-01 9.89603344E-01
 9.10000000E-02 7.72473211E-04 8.80762470E+00 9.87665072E-01 9.91622483E-01 9.89601329E-01
 9.20000000E-02 7.80961927E-04 8.80735226E+00 9.87395234E-01 9.91438586E-01 9.89599292E-01
 9.30000000E-02 7.89450644E-04 8.80707689E+00 9.87122568E-01 9.91252680E-01 9.89597232E-01
 9.40000000E-02 7.97939361E-04 8.80679859E+00 9.86847076E-01 9.91064742E-01 9.89595150E-01
 9.50000000E-02 8.06428077E-04 8.80651736E+00 9.86568762E-01 9.90874738E-01 9.89593045E-01
 9.60000000E-02 8.14916794E-04 8.80623320E+00 9.86287631E-01 9.90682606E-01 9.89590919E-01
 9.70000000E-02 8.23405510E-04 8.80594611E+00 9.86003686E-01 9.90488228E-01 9.89588770E-01
 9.80000000E-02 8.31894227E-04 8.80565610E+00 9.85716931E-01 9.90291347E-01 9.89586598E-01
 9.90000000E-02 8.40382944E-04 8.80536317E+00 9.85427370E-01 9.90091211E-01 9.89584405E-01
 1.00000000E-01 8.48871660E-04 8.80506731E+00 9.85135008E-01 9.89878436E-01 9.89582189E-01
 1.10000000E-01 9.33758826E-04 8.80194843E+00 9.82058207E-01 9.87780055E-01 9.89558802E-01
 1.20000000E-01 1.01864599E-03 8.79853923E+00 9.78705962E-01 9.85491847E-01 9.89533181E-01
 1.30000000E-01 1.10353316E-03 8.79484150E+00 9.75082914E-01 9.83016415E-01 9.89505324E-01
 1.40000000E-01 1.18842032E-03 8.79085718E+00 9.71194042E-01 9.80356558E-01 9.89475231E-01
 1.50000000E-01 1.27330749E-03 8.78658837E+00 9.67044650E-01 9.77515258E-01 9.89442898E-01
 1.60000000E-01 1.35819466E-03 8.78203727E+00 9.62640347E-01 9.74495676E-01 9.89408325E-01
 1.70000000E-01 1.44308182E-03 8.77720623E+00 9.57987032E-01 9.71301141E-01 9.89371508E-01
 1.80000000E-01 1.52796899E-03 8.77209775E+00 9.53090879E-01 9.67935145E-01 9.89332446E-01
 1.90000000E-01 1.61285615E-03 8.76671442E+00 9.47958314E-01 9.64401330E-01 9.89291136E-01
 2.00000000E-01 1.69774332E-03 8.76105898E+00 9.42596003E-01 9.60703483E-01 9.89247575E-01
 2.10000000E-01 1.78263049E-03 8.75513426E+00 9.37010826E-01 9.56845523E-01 9.89201761E-01
 2.20000000E-01 1.86751765E-03 8.74894324E+00 9.31209865E-01 9.52831494E-01 9.89153692E-01
 2.30000000E-01 1.95240482E-03 8.74248896E+00 9.25200378E-01 9.48665554E-01 9.89103364E-01
 2.40000000E-01 2.03729198E-03 8.73577461E+00 9.18989787E-01 9.44351966E-01 9.89050775E-01
 2.50000000E-01 2.12217915E-03 8.72880345E+00 9.12585650E-01 9.39895089E-01 9.88995922E-01
 2.60000000E-01 2.20706632E-03 8.72157885E+00 9.05995650E-01 9.35299366E-01 9.88938802E-01
 2.70000000E-01 2.29195348E-03 8.71410426E+00 8.99227570E-01 9.30569315E-01 9.88879412E-01
 2.80000000E-01 2.37684065E-03 8.70638322E+00 8.92289278E-01 9.25709520E-01 9.88817748E-01
 2.90000000E-01 2.46172781E-03 8.69841934E+00 8.85188704E-01 9.20724621E-01 9.88753809E-01
 3.00000000E-01 2.54661498E-03 8.69021632E+00 8.77933825E-01 9.15619304E-01 9.88687589E-01
 3.10000000E-01 2.63150215E-03 8.68177792E+00 8.70532648E-01 9.10398291E-01 9.88619087E-01
 3.20000000E-01 2.71638931E-03 8.67310797E+00 8.62993187E-01 9.05066334E-01 9.88548299E-01
 3.30000000E-01 2.80127648E-03 8.66421035E+00 8.55323453E-01 8.99628199E-01 9.88475222E-01
 3.40000000E-01 2.88616364E-03 8.65508902E+00 8.47531433E-01 8.94088667E-01 9.88399853E-01
 3.50000000E-01 2.97105081E-03 8.64574797E+00 8.39625074E-01 8.88452515E-01 9.88322188E-01
 3.60000000E-01 3.05593798E-03 8.63619123E+00 8.31612274E-01 8.82724516E-01 9.88242224E-01
 3.70000000E-01 3.14082514E-03 8.62642289E+00 8.23500858E-01 8.76909427E-01 9.88159958E-01
 3.80000000E-01 3.22571231E-03 8.61644706E+00 8.15298574E-01 8.71011980E-01 9.88075386E-01
 3.90000000E-01 3.31059948E-03 8.60626790E+00 8.07013072E-01 8.65036880E-01 9.87988506E-01
 4.00000000E-01 3.39548664E-03 8.59588958E+00 7.98651897E-01 8.58988793E-01 9.87899314E-01
 4.10000000E-01 3.48037381E-03 8.58531630E+00 7.90222478E-01 8.52872339E-01 9.87807808E-01
 4.20000000E-01 3.56526097E-03 8.57455228E+00 7.81732112E-01 8.46692091E-01 9.87713983E-01
 4.30000000E-01 3.65014814E-03 8.56360175E+00 7.73187960E-01 8.40452563E-01 9.87617838E-01
 4.40000000E-01 3.73503531E-03 8.55246894E+00 7.64597035E-01 8.34158207E-01 9.87519368E-01
 4.50000000E-01 3.81992247E-03 8.54115812E+00 7.55966194E-01 8.27813410E-01 9.87418572E-01
 4.60000000E-01 3.90480964E-03 8.52967352E+00 7.47302133E-01 8.21422485E-01 9.87315446E-01
 4.70000000E-01 3.98969680E-03 8.51801939E+00 7.38611374E-01 8.14989667E-01 9.87209987E-01
 4.80000000E-01 4.07458397E-03 8.50619998E+00 7.29900269E-01 8.08519113E-01 9.87102194E-01
 4.90000000E-01 4.15947114E-03 8.49421952E+00 7.21174986E-01 8.02014894E-01 9.86992063E-01
 5.00000000E-01 4.24435830E-03 8.48208223E+00 7.12441507E-01 7.95480992E-01 9.86879591E-01
 5.10000000E-01 4.32924547E-03 8.46979231E+00 7.03705628E-01 7.88921299E-01 9.86764777E-01
 5.20000000E-01 4.41413263E-03 8.45735395E+00 6.94972950E-01 7.82339612E-01 9.86647618E-01
 5.30000000E-01 4.49901980E-03 8.44477131E+00 6.86248882E-01 7.75739634E-01 9.86528112E-01
 5.40000000E-01 4.58390697E-03 8.43204854E+00 6.77538635E-01 7.69124966E-01 9.86406257E-01
 5.50000000E-01 4.66879413E-03 8.41918973E+00 6.68847223E-01 7.62499110E-01 9.86282051E-01
 5.60000000E-01 4.75368130E-03 8.40619897E+00 6.60179463E-01 7.55865468E-01 9.86155492E-01
 5.70000000E-01 4.83856846E-03 8.39308032E+00 6.51539971E-01 7.49227338E-01 9.86026579E-01
 5.80000000E-01 4.92345563E-03 8.37983777E+00 6.42933169E-01 7.42587912E-01 9.85895310E-01
 5.90000000E-01 5.00834280E-03 8.36647531E+00 6.34363279E-01 7.35950279E-01 9.85761683E-01
 6.00000000E-01 5.09322996E-03 8.35299688E+00 6.25834328E-01 7.29317424E-01 9.85625698E-01
 6.10000000E-01 5.17811713E-03 8.33940636E+00 6.17350150E-01 7.22692226E-01 9.85487353E-01
 6.20000000E-01 5.26300429E-03 8.32570761E+00 6.08914387E-01 7.16077456E-01 9.85346648E-01
 6.30000000E-01 5.34789146E-03 8.31190443E+00 6.00530492E-01 7.09475783E-01 9.85203581E-01
 6.40000000E-01 5.43277863E-03 8.29800058E+00 5.92201730E-01 7.02889772E-01 9.85058152E-01
 6.50000000E-01 5.51766579E-03 8.28399978E+00 5.83931185E-01 6.96321880E-01 9.84910361E-01
 6.60000000E-01 5.60255296E-03 8.26990568E+00 5.75721760E-01 6.89774463E-01 9.84760207E-01
 6.70000000E-01 5.68744012E-03 8.25572190E+00 5.67576181E-01 6.83249775E-01 9.84607691E-01
 6.80000000E-01 5.77232729E-03 8.24145199E+00 5.59497002E-01 6.76749966E-01 9.84452811E-01
 6.90000000E-01 5.85721446E-03 8.22709947E+00 5.51486610E-01 6.70277086E-01 9.84295569E-01
 7.00000000E-01 5.94210162E-03 8.21266779E+00 5.43547225E-01 6.63833087E-01 9.84135965E-01
 7.10000000E-01 6.02698879E-03 8.19816034E+00 5.35680910E-01 6.57419821E-01 9.83974000E-01
 7.20000000E-01 6.11187595E-03 8.18358047E+00 5.27889570E-01 6.51039040E-01 9.83809674E-01
 7.30000000E-01 6.19676312E-03 8.16893146E+00 5.20174961E-01 6.44692405E-01 9.83642988E-01
 7.40000000E-01 6.28165029E-03 8.15421656E+00 5.12538691E-01 6.38381478E-01 9.83473944E-01
 7.50000000E-01 6.36653745E-03 8.13943892E+00 5.04982229E-01 6.32107725E-01 9.83302542E-01
 7.60000000E-01 6.45142462E-03 8.12460168E+00 4.97506905E-01 6.25872523E-01 9.83128785E-01
 7.70000000E-01 6.53631178E-03 8.10970788E+00 4.90113917E-01 6.19677152E-01 9.82952674E-01
 7.80000000E-01 6.62119895E-03 8.09476054E+00 4.82804337E-01 6.13522800E-01 9.82774211E-01
 7.90000000E-01 6.70608612E-03 8.07976260E+00 4.75579112E-01 6.07410561E-01 9.82593398E-01
 8.00000000E-01 6.79097328E-03 8.06471694E+00 4.68439075E-01 6.01341436E-01 9.82410238E-01
 8.10000000E-01 6.87586045E-03 8.04962639E+00 4.61384943E-01 5.95316326E-01 9.82224732E-01
 8.20000000E-01 6.96074761E-03 8.03449374E+00 4.54417324E-01 5.89336037E-01 9.82036885E-01
 8.30000000E-01 7.04563478E-03 8.01932168E+00 4.47536726E-01 5.83401269E-01 9.81846697E-01
 8.40000000E-01 7.13052195E-03 8.00411288E+00 4.40743553E-01 5.77512608E-01 9.81654173E-01
 8.50000000E-01 7.21540911E-03 7.98886993E+00 4.34038117E-01 5.71670524E-01 9.81459316E-01
 8.60000000E-01 7.30029628E-03 7.97359539E+00 4.27420641E-01 5.65875348E-01 9.81262130E-01
 8.70000000E-01 7.38518344E-03 7.95829173E+00 4.20891257E-01 5.60127251E-01 9.81062617E-01
 8.80000000E-01 7.47007061E-03 7.94296139E+00 4.14450021E-01 5.54426220E-01 9.80860782E-01
 8.90000000E-01 7.55495778E-03 7.92760674E+00 4.08096908E-01 5.48772001E-01 9.80656629E-01
 9.00000000E-01 7.63984494E-03 7.91223011E+00 4.01831819E-01 5.43164034E-01 9.80450162E-01
 9.10000000E-01 7.72473211E-03 7.89683375E+00 3.95654588E-01 5.37601336E-01 9.80241385E-01
 9.20000000E-01 7.80961927E-03 7.88141988E+00 3.89564980E-01 5.32082322E-01 9.80030303E-01
 9.30000000E-01 7.89450644E-03 7.86599066E+00 3.83562701E-01 5.26604496E-01 9.79816922E-01
 9.40000000E-01 7.97939361E-03 7.85054818E+00 3.77647396E-01 5.21163903E-01 9.79601245E-01
 9.50000000E-01 8.06428077E-03 7.83509451E+00 3.71818657E-01 5.15754077E-01 9.79383277E-01
 9.60000000E-01 8.14916794E-03 7.81963164E+00 3.66076022E-01 5.10363850E-01 9.79163026E-01
 9.70000000E-01 8.23405510E-03 7.80416153E+00 3.60418983E-01 5.04972095E-01 9.78940495E-01
 9.80000000E-01 8.31894227E-03 7.78868607E+00 3.54846986E-01 4.99532421E-01 9.78715690E-01
 9.90000000E-01 8.40382944E-03 7.77320710E+00 3.49359435E-01 4.93909053E-01 9.78488618E-01
 1.00000000E+00 8.48871660E-03 7.75772644E+00 3.43955694E-01 4.86417121E-01 9.78259284E-01
 1.11250000E+00 9.44369722E-03 7.58394943E+00 2.88711577E-01 4.33725295E-01 9.75525460E-01
 1.22500000E+00 1.03986778E-02 7.41223220E+00 2.42796756E-01 3.87480301E-01 9.72516642E-01
 1.33750000E+00 1.13536585E-02 7.24406938E+00 2.04873463E-01 3.47142850E-01 9.69245342E-01
 1.45000000E+00 1.23086391E-02 7.08046733E+00 1.73631444E-01 3.12063592E-01 9.65725863E-01
 1.56250000E+00 1.32636197E-02 6.92206065E+00 1.47892347E-01 2.81579304E-01 9.61973804E-01
 1.67500000E+00 1.42186003E-02 6.76920818E+00 1.26646518E-01 2.55064953E-01 9.58005589E-01
 1.78750000E+00 1.51735809E-02 6.62206866E+00 1.09053641E-01 2.31958070E-01 9.53838056E-01
 1.90000000E+00 1.61285615E-02 6.48065879E+00 9.44265887E-02 2.11768643E-01 9.49488107E-01
 2.01250000E+00 1.70835422E-02 6.34489684E+00 8.22093316E-02 1.94200608E-01 9.44972429E-01
 2.11250000E+00 1.79324138E-02 6.22884251E+00 7.30088103E-02 1.80101991E-01 9.40832510E-01
 2.22500000E+00 1.88873944E-02 6.10331053E+00 6.41943912E-02 1.66035020E-01 9.36047634E-01
 2.35000000E+00 1.99484840E-02 5.96982374E+00 5.59659711E-02 1.52403709E-01 9.30590365E-01
 2.47500000E+00 2.10095736E-02 5.84234179E+00 4.90758310E-02 1.40428950E-01 9.25003712E-01
 2.60000000E+00 2.20706632E-02 5.72054328E+00 4.32704143E-02 1.29860719E-01 9.19305830E-01
 2.72500000E+00 2.31317527E-02 5.60410906E+00 3.83493875E-02 1.20491667E-01 9.13513557E-01
 2.85000000E+00 2.41928423E-02 5.49272857E+00 3.41537059E-02 1.12149279E-01 9.07642423E-01
 2.97500000E+00 2.52539319E-02 5.38610384E+00 3.05564426E-02 1.04689172E-01 9.01706674E-01
 3.10000000E+00 2.63150215E-02 5.28395173E+00 2.74557485E-02 9.79880673E-02 8.95719325E-01
 3.22500000E+00 2.73761110E-02 5.18600503E+00 2.47694415E-02 9.18683392E-02 8.89692222E-01
 3.37500000E+00 2.86494185E-02 5.07366800E+00 2.19998678E-02 8.53953978E-02 8.82422274E-01
 3.52500000E+00 2.99227260E-02 4.96662324E+00 1.96392506E-02 7.96301170E-02 8.75127115E-01
 3.67500000E+00 3.11960335E-02 4.86449979E+00 1.76146652E-02 7.44720940E-02 8.67821417E-01
 3.82500000E+00 3.24693410E-02 4.76695693E+00 1.58681081E-02 6.98403667E-02 8.60518076E-01
 3.97500000E+00 3.37426485E-02 4.67368207E+00 1.43531054E-02 6.57498957E-02 8.53228392E-01
 4.07500000E+00 3.45915202E-02 4.61372741E+00 1.34529194E-02 6.31751349E-02 8.48381114E-01
 4.17500000E+00 3.54403918E-02 4.55546282E+00 1.26295287E-02 6.07607437E-02 8.43546914E-01
 4.27500000E+00 3.62892635E-02 4.49881376E+00 1.18748051E-02 5.84932203E-02 8.38728155E-01
 4.37500000E+00 3.71381351E-02 4.44370986E+00 1.11816312E-02 5.63604600E-02 8.33926980E-01
 4.47500000E+00 3.79870068E-02 4.39008467E+00 1.05437574E-02 5.43515870E-02 8.29145334E-01
 4.57500000E+00 3.88358785E-02 4.33787538E+00 9.95568181E-03 5.24568090E-02 8.24384971E-01
 4.67500000E+00 3.96847501E-02 4.28702266E+00 9.41254856E-03 5.06672908E-02 8.19647475E-01
 4.77500000E+00 4.05336218E-02 4.23747037E+00 8.91006132E-03 4.89750450E-02 8.14934271E-01
 4.87500000E+00 4.13824934E-02 4.18916541E+00 8.44440979E-03 4.73728365E-02 8.10246637E-01
 4.97500000E+00 4.22313651E-02 4.14205754E+00 8.01220687E-03 4.58540995E-02 8.05585714E-01
 5.07500000E+00 4.30802368E-02 4.09609914E+00 7.61043493E-03 4.44128643E-02 8.00952522E-01
 5.17500000E+00 4.39291084E-02 4.05124511E+00 7.23639971E-03 4.30436939E-02 7.96347961E-01
 5.27500000E+00 4.47779801E-02 4.00745270E+00 6.88769056E-03 4.17416277E-02 7.91772831E-01
 5.37500000E+00 4.56268517E-02 3.96468134E+00 6.56214623E-03 4.05021323E-02 7.87227830E-01
 5.47500000E+00 4.64757234E-02 3.92289252E+00 6.25782525E-03 3.93210579E-02 7.82713571E-01
 5.57500000E+00 4.73245951E-02 3.88204970E+00 5.97298022E-03 3.81946002E-02 7.78230581E-01
 5.67500000E+00 4.81734667E-02 3.84211811E+00 5.70603552E-03 3.71192656E-02 7.73779314E-01
 5.77500000E+00 4.90223384E-02 3.80306472E+00 5.45556786E-03 3.60918418E-02 7.69360154E-01
 5.87500000E+00 4.98712100E-02 3.76485813E+00 5.22028929E-03 3.51093705E-02 7.64973423E-01
 5.97500000E+00 5.07200817E-02 3.72746840E+00 4.99903240E-03 3.41691236E-02 7.60619382E-01
 6.07500000E+00 5.15689534E-02 3.69086706E+00 4.79073727E-03 3.32685818E-02 7.56298242E-01
 6.17500000E+00 5.24178250E-02 3.65502697E+00 4.59444005E-03 3.24054157E-02 7.52010162E-01
 6.27500000E+00 5.32666967E-02 3.61992225E+00 4.40926289E-03 3.15774684E-02 7.47755258E-01
 6.37500000E+00 5.41155683E-02 3.58552820E+00 4.23440508E-03 3.07827408E-02 7.43533607E-01
 6.47500000E+00 5.49644400E-02 3.55182128E+00 4.06913519E-03 3.00193771E-02 7.39345244E-01
 6.57500000E+00 5.58133117E-02 3.51877898E+00 3.91278413E-03 2.92856531E-02 7.35190174E-01
 6.67500000E+00 5.66621833E-02 3.48637982E+00 3.76473900E-03 2.85799646E-02 7.31068370E-01
 6.77500000E+00 5.75110550E-02 3.45460323E+00 3.62443761E-03 2.79008175E-02 7.26979776E-01
 6.87500000E+00 5.83599266E-02 3.42342958E+00 3.49136362E-03 2.72468189E-02 7.22924310E-01
 6.97500000E+00 5.92087983E-02 3.39284005E+00 3.36504220E-03 2.66166686E-02 7.18901868E-01
 7.07500000E+00 6.00576700E-02 3.36281665E+00 3.24503614E-03 2.60091516E-02 7.14912323E-01
 7.17500000E+00 6.09065416E-02 3.33334214E+00 3.13094240E-03 2.54231319E-02 7.10955531E-01
 7.27500000E+00 6.17554133E-02 3.30440000E+00 3.02238900E-03 2.48575454E-02 7.07031328E-01
 7.37500000E+00 6.26042849E-02 3.27597438E+00 2.91903223E-03 2.43113953E-02 7.03139536E-01
 7.47500000E+00 6.34531566E-02 3.24805011E+00 2.82055416E-03 2.37837460E-02 6.99279963E-01
 7.57500000E+00 6.43020283E-02 3.22061259E+00 2.72666039E-03 2.32737194E-02 6.95452404E-01
 7.67500000E+00 6.51508999E-02 3.19364784E+00 2.63707799E-03 2.27804898E-02 6.91656642E-01
 7.77500000E+00 6.59997716E-02 3.16714242E+00 2.55155373E-03 2.23032804E-02 6.87892450E-01
 7.87500000E+00 6.68486432E-02 3.14108342E+00 2.46985237E-03 2.18413596E-02 6.84159593E-01
 7.97500000E+00 6.76975149E-02 3.11545842E+00 2.39175519E-03 2.13940376E-02 6.80457828E-01
 8.07500000E+00 6.85463866E-02 3.09025549E+00 2.31705865E-03 2.09606632E-02 6.76786903E-01
 8.17500000E+00 6.93952582E-02 3.06546316E+00 2.24557314E-03 2.05406213E-02 6.73146561E-01
 8.27500000E+00 7.02441299E-02 3.04107037E+00 2.17712186E-03 2.01333296E-02 6.69536541E-01
 8.37500000E+00 7.10930015E-02 3.01706648E+00 2.11153985E-03 1.97382363E-02 6.65956575E-01
 8.47500000E+00 7.19418732E-02 2.99344125E+00 2.04867300E-03 1.93548177E-02 6.62406394E-01
 8.57500000E+00 7.27907449E-02 2.97018480E+00 1.98837728E-03 1.89825755E-02 6.58885722E-01
 8.67500000E+00 7.36396165E-02 2.94728763E+00 1.93051792E-03 1.86210342E-02 6.55394283E-01
 8.77500000E+00 7.44884882E-02 2.92474056E+00 1.87496874E-03 1.82697385E-02 6.51931799E-01
 8.87500000E+00 7.53373598E-02 2.90253474E+00 1.82161151E-03 1.79282504E-02 6.48497988E-01
 8.97500000E+00 7.61862315E-02 2.88066163E+00 1.77033533E-03 1.75961451E-02 6.45092568E-01
 9.07500000E+00 7.70351032E-02 2.85911299E+00 1.72103615E-03 1.72730070E-02 6.41715258E-01
 9.17500000E+00 7.78839748E-02 2.83788087E+00 1.67361624E-03 1.69584227E-02 6.38365772E-01
 9.27500000E+00 7.87328465E-02 2.81695757E+00 1.62798374E-03 1.66519717E-02 6.35043829E-01
 9.37500000E+00 7.95817181E-02 2.79633568E+00 1.58405226E-03 1.63532110E-02 6.31749144E-01
 9.47500000E+00 8.04305898E-02 2.77600801E+00 1.54174048E-03 1.60616484E-02 6.28481434E-01
 9.57500000E+00 8.12794615E-02 2.75596763E+00 1.50097184E-03 1.57766919E-02 6.25240419E-01
 9.67500000E+00 8.21283331E-02 2.73620782E+00 1.46167417E-03 1.54975440E-02 6.22025815E-01
 9.77500000E+00 8.29772048E-02 2.71672210E+00 1.42377940E-03 1.52229472E-02 6.18837343E-01
 9.87500000E+00 8.38260765E-02 2.69750418E+00 1.38722331E-03 1.49504351E-02 6.15674725E-01
 9.97500000E+00 8.46749481E-02 2.67854797E+00 1.35194528E-03 1.46731559E-02 6.12537683E-01
 1.00750000E+01 8.55238198E-02 2.65984760E+00 1.31788799E-03 1.43063838E-02 6.09425941E-01
 1.10750000E+01 9.40125364E-02 2.48574245E+00 1.03385546E-03 1.21716709E-02 5.79640849E-01
 1.20750000E+01 1.02501253E-01 2.33191799E+00 8.27067933E-04 1.04693045E-02 5.52099021E-01
 1.30750000E+01 1.10989970E-01 2.19473349E+00 6.72409842E-04 9.08649239E-03 5.26564928E-01
 1.40750000E+01 1.19478686E-01 2.07140988E+00 5.54115292E-04 7.94598650E-03 5.02829920E-01
 1.50750000E+01 1.27967403E-01 1.95978363E+00 4.61903208E-04 6.99319450E-03 4.80710734E-01
 1.60750000E+01 1.36456119E-01 1.85814129E+00 3.88848858E-04 6.18849479E-03 4.60046925E-01
 1.70750000E+01 1.44944836E-01 1.76510533E+00 3.30156806E-04 5.50246784E-03 4.40698065E-01
 1.80750000E+01 1.53433553E-01 1.67955344E+00 2.82425221E-04 4.91283371E-03 4.22541069E-01
 1.90750000E+01 1.61922269E-01 1.60056042E+00 2.43189495E-04 4.40242575E-03 4.05467792E-01
 2.00750000E+01 1.70410986E-01 1.52735544E+00 2.10630552E-04 3.95781419E-03 3.89382931E-01
 2.10750000E+01 1.78899702E-01 1.45929017E+00 1.83383451E-04 3.56834823E-03 3.74202227E-01
 2.20750000E+01 1.87388419E-01 1.39581459E+00 1.60408814E-04 3.22547066E-03 3.59850934E-01
 2.30750000E+01 1.95877136E-01 1.33645846E+00 1.40904638E-04 2.92218257E-03 3.46262519E-01
 2.40750000E+01 2.04365852E-01 1.28081688E+00 1.24244648E-04 2.65063314E-03 3.33377559E-01
 2.52000000E+01 2.13915658E-01 1.22222503E+00 1.08290377E-04 2.38525181E-03 3.19656747E-01
 2.62000000E+01 2.22404375E-01 1.17336745E+00 9.61567082E-05 2.17379048E-03 3.08096521E-01
 2.72000000E+01 2.30893092E-01 1.12726821E+00 8.56265977E-05 1.98410580E-03 2.97090405E-01
 2.82000000E+01 2.39381808E-01 1.08369465E+00 7.64494119E-05 1.81349052E-03 2.86599863E-01
 2.92000000E+01 2.47870525E-01 1.04244071E+00 6.84201282E-05 1.65964311E-03 2.76589943E-01
 3.02000000E+01 2.56359241E-01 1.00332310E+00 6.13698645E-05 1.52059608E-03 2.67028858E-01
 3.12000000E+01 2.64847958E-01 9.66178107E-01 5.51586112E-05 1.39465886E-03 2.57887627E-01
 3.22000000E+01 2.73336675E-01 9.30858996E-01 4.96695998E-05 1.28037185E-03 2.49139766E-01
 3.32000000E+01 2.81825391E-01 8.97233760E-01 4.48049020E-05 1.17646933E-03 2.40761018E-01
 3.42000000E+01 2.90314108E-01 8.65183266E-01 4.04819638E-05 1.08184915E-03 2.32729115E-01
 3.52000000E+01 2.98802824E-01 8.34599666E-01 3.66308536E-05 9.95547911E-04 2.25023575E-01
 3.62000000E+01 3.07291541E-01 8.05385047E-01 3.31920629E-05 9.16720498E-04 2.17625522E-01
 3.72000000E+01 3.15780258E-01 7.77450276E-01 3.01147372E-05 8.44623027E-04 2.10517527E-01
 3.82000000E+01 3.24268974E-01 7.50714004E-01 2.73552430E-05 7.78598676E-04 2.03683468E-01
 3.92000000E+01 3.32757691E-01 7.25101806E-01 2.48760013E-05 7.18065767E-04 1.97108407E-01
 4.02000000E+01 3.41246407E-01 7.00545439E-01 2.26445329E-05 6.62507735E-04 1.90778480E-01
 4.12000000E+01 3.49735124E-01 6.76982191E-01 2.06326712E-05 6.11464633E-04 1.84680802E-01
 4.22000000E+01 3.58223841E-01 6.54354316E-01 1.88159127E-05 5.64525907E-04 1.78803378E-01
 4.32000000E+01 3.66712557E-01 6.32608537E-01 1.71728762E-05 5.21324234E-04 1.73135025E-01
 4.42000000E+01 3.75201274E-01 6.11695610E-01 1.56848521E-05 4.81530236E-04 1.67665307E-01
 4.52000000E+01 3.83689990E-01 5.91569940E-01 1.43354238E-05 4.44847944E-04 1.62384466E-01
 4.62000000E+01 3.92178707E-01 5.72189235E-01 1.31101500E-05 4.11010872E-04 1.57283373E-01
 4.72000000E+01 4.00667424E-01 5.53514210E-01 1.19962958E-05 3.79778630E-04 1.52353475E-01
 4.82000000E+01 4.09156140E-01 5.35508315E-01 1.09826051E-05 3.50933973E-04 1.47586746E-01
 4.92000000E+01 4.17644857E-01 5.18137496E-01 1.00591066E-05 3.24280238E-04 1.42975652E-01
 5.02000000E+01 4.26133573E-01 5.01369979E-01 9.21694844E-06 2.99639102E-04 1.38513110E-01
 5.12000000E+01 4.34622290E-01 4.85176081E-01 8.44825677E-06 2.76848619E-04 1.34192454E-01
 5.22000000E+01 4.43111007E-01 4.69528034E-01 7.74601400E-06 2.55761496E-04 1.30007405E-01
 5.32000000E+01 4.51599723E-01 4.54399829E-01 7.10395420E-06 2.36243581E-04 1.25952044E-01
 5.42000000E+01 4.60088440E-01 4.39767082E-01 6.51647264E-06 2.18172518E-04 1.22020785E-01
 5.52000000E+01 4.68577156E-01 4.25606900E-01 5.97854752E-06 2.01436569E-04 1.18208352E-01
 5.62000000E+01 4.77065873E-01 4.11897770E-01 5.48567202E-06 1.85933566E-04 1.14509758E-01
 5.72000000E+01 4.85554590E-01 3.98619455E-01 5.03379518E-06 1.71569975E-04 1.10920284E-01
 5.82000000E+01 4.94043306E-01 3.85752897E-01 4.61927032E-06 1.58260076E-04 1.07435462E-01
 5.92000000E+01 5.02532023E-01 3.73280133E-01 4.23880997E-06 1.45925215E-04 1.04051059E-01
 6.02000000E+01 5.11020739E-01 3.61184218E-01 3.88944641E-06 1.34493155E-04 1.00763062E-01
 6.12000000E+01 5.19509456E-01 3.49449149E-01 3.56849697E-06 1.23897477E-04 9.75676599E-02
 6.22000000E+01 5.27998173E-01 3.38059801E-01 3.27353356E-06 1.14077059E-04 9.44612368E-02
 6.32000000E+01 5.36486889E-01 3.27001868E-01 3.00235580E-06 1.04975596E-04 9.14403556E-02
 6.42000000E+01 5.44975606E-01 3.16261810E-01 2.75296732E-06 9.65411776E-05 8.85017482E-02
 6.52000000E+01 5.53464322E-01 3.05826795E-01 2.52355472E-06 8.87259009E-05 8.56423053E-02
 6.62000000E+01 5.61953039E-01 2.95684660E-01 2.31246902E-06 8.14855262E-05 8.28590669E-02
 6.72000000E+01 5.70441756E-01 2.85823864E-01 2.11820918E-06 7.47791637E-05 8.01492133E-02
 6.82000000E+01 5.78930472E-01 2.76233449E-01 1.93940736E-06 6.85689910E-05 7.75100572E-02
 6.92000000E+01 5.87419189E-01 2.66903004E-01 1.77481592E-06 6.28199968E-05 7.49390355E-02
 7.02000000E+01 5.95907906E-01 2.57822632E-01 1.62329574E-06 5.74997490E-05 7.24337028E-02
 7.12000000E+01 6.04396622E-01 2.48982916E-01 1.48380584E-06 5.25781843E-05 6.99917245E-02
 7.22000000E+01 6.12885339E-01 2.40374893E-01 1.35539405E-06 4.80274164E-05 6.76108706E-02
 7.32000000E+01 6.21374055E-01 2.31990025E-01 1.23718871E-06 4.38215621E-05 6.52890102E-02
 7.42000000E+01 6.29862772E-01 2.23820175E-01 1.12839117E-06 3.99365826E-05 6.30241057E-02
 7.52000000E+01 6.38351489E-01 2.15857584E-01 1.02826909E-06 3.63501384E-05 6.08142083E-02
 7.62000000E+01 6.46840205E-01 2.08094847E-01 9.36150434E-07 3.30414578E-05 5.86574527E-02
 7.72000000E+01 6.55328922E-01 2.00524898E-01 8.51418005E-07 2.99912155E-05 5.65520533E-02
 7.82000000E+01 6.63817638E-01 1.93140985E-01 7.73504573E-07 2.71814221E-05 5.44962995E-02
 7.92000000E+01 6.72306355E-01 1.85936657E-01 7.01888453E-07 2.45953223E-05 5.24885524E-02
 8.02000000E+01 6.80795072E-01 1.78905748E-01 6.36089520E-07 2.22173009E-05 5.05272408E-02
 8.12000000E+01 6.89283788E-01 1.72042356E-01 5.75665601E-07 2.00327954E-05 4.86108576E-02
 8.22000000E+01 6.97772505E-01 1.65340836E-01 5.20209215E-07 1.80282115E-05 4.67379572E-02
 8.32000000E+01 7.06261221E-01 1.58795783E-01 4.69344610E-07 1.61908357E-05 4.49071519E-02
 8.42000000E+01 7.14749938E-01 1.52402018E-01 4.22725083E-07 1.45087245E-05 4.31171096E-02
 8.52000000E+01 7.23238655E-01 1.46154579E-01 3.80030542E-07 1.29704722E-05 4.13665506E-02
 8.62000000E+01 7.31727371E-01 1.40048709E-01 3.40965292E-07 1.15641784E-05 3.96542452E-02
 8.72000000E+01 7.40216088E-01 1.34079848E-01 3.05256021E-07 1.02399678E-05 3.79790117E-02
 8.87000000E+01 7.52949163E-01 1.25373918E-01 2.57436857E-07 8.58696876E-06 3.55331976E-02
 8.97000000E+01 7.61437879E-01 1.19728807E-01 2.29052560E-07 7.58163256E-06 3.39457670E-02
 9.07000000E+01 7.69926596E-01 1.14206136E-01 2.03218849E-07 6.67171423E-06 3.23916166E-02
 9.17000000E+01 7.78415312E-01 1.08802105E-01 1.79742637E-07 5.85004561E-06 3.08697536E-02
 9.27000000E+01 7.86904029E-01 1.03513064E-01 1.58444927E-07 5.10989184E-06 2.93792218E-02
 9.37000000E+01 7.95392746E-01 9.83355039E-02 1.39159697E-07 4.44490522E-06 2.79191004E-02
 9.47000000E+01 8.03881462E-01 9.32660504E-02 1.21732880E-07 3.84906807E-06 2.64885020E-02
 9.57000000E+01 8.12370179E-01 8.83014565E-02 1.06021424E-07 3.31660831E-06 2.50865717E-02
 9.67000000E+01 8.20858895E-01 8.34385976E-02 9.18924374E-08 2.84184694E-06 2.37124852E-02
 9.77000000E+01 8.29347612E-01 7.86744660E-02 7.92223979E-08 2.41885304E-06 2.23654477E-02
 9.87000000E+01 8.37836329E-01 7.40061654E-02 6.78964249E-08 2.04043241E-06 2.10446925E-02
 9.97000000E+01 8.46325045E-01 6.94309061E-02 5.78076105E-08 1.69373211E-06 1.97494801E-02
 1.00700000E+02 8.54813762E-01 6.49460001E-02 4.88564026E-08 1.25377384E-06 1.84790968E-02
 1.10700000E+02 9.39700928E-01 2.45395727E-02 4.23797524E-09 8.01171213E-08 7.00036154E-03
 1.11450000E+02 9.46067465E-01 2.18009505E-02 3.15020218E-09 5.63953966E-08 6.22020651E-03
 1.12200000E+02 9.52434003E-01 1.90989250E-02 2.26118344E-09 3.80251460E-08 5.45020878E-03
 1.12950000E+02 9.58800540E-01 1.64327716E-02 1.55152497E-09 2.42518989E-08 4.69017273E-03
 1.13700000E+02 9.65167078E-01 1.38017838E-02 1.00228799E-09 1.43557342E-08 3.93990751E-03
 1.14450000E+02 9.71533615E-01 1.12052730E-02 5.94823008E-10 7.64952751E-09 3.19922691E-03
 1.15200000E+02 9.77900153E-01 8.64256799E-03 3.10541874E-10 3.47713842E-09 2.46794925E-03
 1.15950000E+02 9.84266690E-01 6.11301405E-03 1.30568194E-10 1.21132058E-09 1.74589723E-03
 1.16700000E+02 9.90633228E-01 3.61597297E-03 3.51116929E-11 2.50488723E-10 1.03289788E-03
 1.17450000E+02 9.96999765E-01 1.15082238E-03 2.00495013E-12 8.83957794E-12 3.28782368E-04
 1.17487500E+02 9.97318092E-01 1.02839102E-03 1.51343345E-12 6.28635498E-12 2.93806821E-04
 1.17525000E+02 9.97636419E-01 9.06037800E-04 1.10260064E-12 4.27976179E-12 2.58853051E-04
 1.17562500E+02 9.97954746E-01 7.83762632E-04 7.67359120E-13 2.75378131E-12 2.23921037E-04
 1.17600000E+02 9.98273072E-01 6.61565446E-04 5.02289552E-13 1.64250669E-12 1.89010760E-04
 1.17637500E+02 9.98591399E-01 5.39446166E-04 3.01562430E-13 8.80118508E-13 1.54122198E-04
 1.17675000E+02 9.98909726E-01 4.17404720E-04 1.58812689E-13 4.00842849E-13 1.19255331E-04
 1.17712500E+02 9.99228053E-01 2.95441031E-04 6.69350671E-14 1.38861411E-13 8.44101401E-05
 1.17750000E+02 9.99546380E-01 1.73555026E-04 1.77033128E-14 2.80551545E-14 4.95866042E-05
 1.17787500E+02 9.99864707E-01 5.17466315E-05 8.59313525E-16 7.76142021E-16 1.47847033E-05
 1.17791250E+02 9.99896540E-01 3.95700576E-05 4.39401600E-16 3.40809988E-16 1.13057024E-05
 1.17795000E+02 9.99928372E-01 2.73942591E-05 1.75223485E-16 1.10553423E-16 7.82691759E-06
 1.17798750E+02 9.99960205E-01 1.52192358E-05 4.03110413E-17 1.95334211E-17 4.34834889E-06
 1.17802500E+02 9.99992038E-01 3.04498757E-06 7.21778935E-19 1.48794816E-19 8.69996283E-07
 1.17803062E+02 9.99996812E-01 1.21891719E-06 7.31771801E-20 1.04003507E-20 3.48262028E-07
 1.17803119E+02 9.99997290E-01 1.03631111E-06 4.87714344E-20 6.34027283E-21 2.96088870E-07
 1.17803175E+02 9.99997767E-01 8.53705204E-07 3.00406928E-20 3.50499122E-21 2.43915760E-07
 1.17803231E+02 9.99998245E-01 6.71099474E-07 1.64591478E-20 1.67516007E-21 1.91742700E-07
 1.17803287E+02 9.99998722E-01 4.88493918E-07 7.44025773E-21 6.30837754E-22 1.39569687E-07
 1.17803344E+02 9.99999200E-01 3.05888537E-07 2.30859664E-21 1.50800564E-22 8.73967235E-08
 1.17803400E+02 9.99999677E-01 1.23283330E-07 2.38067945E-22 1.07659670E-23 3.52238085E-08
 1.17803406E+02 9.99999725E-01 1.05022819E-07 1.59459063E-22 6.60354265E-24 3.00065196E-08
 1.17803411E+02 9.99999773E-01 8.67623095E-08 9.89162828E-23 3.68260018E-24 2.47892313E-08
 1.17803417E+02 9.99999821E-01 6.85018019E-08 5.47892070E-23 1.78382510E-24 1.95719434E-08
 1.17803422E+02 9.99999868E-01 5.02412961E-08 2.52401603E-23 6.87329051E-25 1.43546560E-08
 1.17803428E+02 9.99999916E-01 3.19807920E-08 8.15949078E-24 1.72010255E-25 9.13736915E-09
 1.17803434E+02 9.99999964E-01 1.37202896E-08 9.83667249E-25 1.45830718E-26 3.92008275E-09
 1.17803435E+02 9.99999971E-01 1.09812144E-08 5.63723244E-25 7.35731239E-27 3.13748983E-09
 1.17803435E+02 9.99999978E-01 8.24213920E-09 2.75131224E-25 3.14784362E-27 2.35489692E-09
 1.17803436E+02 9.99999983E-01 6.41608911E-09 1.47101122E-25 1.45988240E-27 1.83316833E-09
 1.17803437E+02 9.99999988E-01 4.59003904E-09 6.36767612E-26 5.21870787E-28 1.31143973E-09
 1.17803437E+02 9.99999993E-01 2.76398899E-09 1.79176392E-26 1.12311843E-28 7.89711143E-10
 1.17803438E+02 9.99999997E-01 9.37938949E-10 1.20192244E-27 4.67644886E-30 2.67982558E-10
 1.17803438E+02 9.99999998E-01 7.55333945E-10 6.99499684E-28 2.41030561E-30 2.15809700E-10
 1.17803438E+02 9.99999998E-01 5.72728940E-10 3.50197337E-28 1.03131898E-30 1.63636841E-10
 1.17803438E+02 9.99999999E-01 3.90123936E-10 1.34105475E-28 3.19105418E-31 1.11463982E-10
 1.17803438E+02 9.99999999E-01 2.07518932E-10 2.76747895E-29 5.12696604E-32 5.92911237E-11
 1.17803438E+02 1.00000000E+00 2.49139282E-11 1.38211931E-31 1.91810107E-34 7.11826522E-12
 1.17803438E+02 1.00000000E+00 -1.57691076E-10 0.00000000E+00 0.00000000E+00 7.11826522E-12
