                                            x xi w  dw Cv0 Cv Cvqt w0= 5.00000000D+00
  0.00000000D+00  0.00000000D+00  5.00000000D+00  0.00000000D+00  8.60961976D-01  8.60961976D-01  1.35967944D+01
  1.00000000D-05  9.34837219D-07  5.00000000D+00 -3.00000000D-05  8.60961976D-01  8.60961976D-01  1.35967944D+01
  1.10000000D-05  1.02832094D-06  5.00000000D+00 -3.30000000D-05  8.60961976D-01  8.60961976D-01  1.35967944D+01
  1.20000000D-05  1.12180466D-06  5.00000000D+00 -3.60000000D-05  8.60961976D-01  8.60961976D-01  1.35967944D+01
  1.30000000D-05  1.21528839D-06  5.00000000D+00 -3.90000000D-05  8.60961976D-01  8.60961976D-01  1.35967944D+01
  1.40000000D-05  1.30877211D-06  5.00000000D+00 -4.20000000D-05  8.60961976D-01  8.60961976D-01  1.35967944D+01
  1.50000000D-05  1.40225583D-06  5.00000000D+00 -4.50000000D-05  8.60961976D-01  8.60961976D-01  1.35967944D+01
  1.60000000D-05  1.49573955D-06  5.00000000D+00 -4.80000000D-05  8.60961976D-01  8.60961975D-01  1.35967944D+01
  1.70000000D-05  1.58922327D-06  5.00000000D+00 -5.10000000D-05  8.60961976D-01  8.60961975D-01  1.35967944D+01
  1.80000000D-05  1.68270699D-06  5.00000000D+00 -5.40000000D-05  8.60961976D-01  8.60961975D-01  1.35967944D+01
  1.90000000D-05  1.77619072D-06  5.00000000D+00 -5.70000000D-05  8.60961976D-01  8.60961975D-01  1.35967944D+01
  2.00000000D-05  1.86967444D-06  5.00000000D+00 -6.00000000D-05  8.60961976D-01  8.60961975D-01  1.35967944D+01
  2.10000000D-05  1.96315816D-06  5.00000000D+00 -6.30000000D-05  8.60961976D-01  8.60961975D-01  1.35967944D+01
  2.20000000D-05  2.05664188D-06  5.00000000D+00 -6.60000000D-05  8.60961976D-01  8.60961975D-01  1.35967944D+01
  2.30000000D-05  2.15012560D-06  5.00000000D+00 -6.90000000D-05  8.60961976D-01  8.60961975D-01  1.35967944D+01
  2.40000000D-05  2.24360933D-06  5.00000000D+00 -7.20000000D-05  8.60961976D-01  8.60961975D-01  1.35967944D+01
  2.50000000D-05  2.33709305D-06  5.00000000D+00 -7.50000000D-05  8.60961976D-01  8.60961975D-01  1.35967944D+01
  2.60000000D-05  2.43057677D-06  5.00000000D+00 -7.80000000D-05  8.60961976D-01  8.60961974D-01  1.35967944D+01
  2.70000000D-05  2.52406049D-06  5.00000000D+00 -8.09999999D-05  8.60961976D-01  8.60961974D-01  1.35967944D+01
  2.80000000D-05  2.61754421D-06  5.00000000D+00 -8.39999999D-05  8.60961976D-01  8.60961974D-01  1.35967944D+01
  2.90000000D-05  2.71102794D-06  5.00000000D+00 -8.69999999D-05  8.60961976D-01  8.60961974D-01  1.35967944D+01
  3.00000000D-05  2.80451166D-06  5.00000000D+00 -8.99999999D-05  8.60961976D-01  8.60961974D-01  1.35967944D+01
  3.10000000D-05  2.89799538D-06  5.00000000D+00 -9.29999999D-05  8.60961976D-01  8.60961974D-01  1.35967944D+01
  3.20000000D-05  2.99147910D-06  5.00000000D+00 -9.59999999D-05  8.60961976D-01  8.60961974D-01  1.35967944D+01
  3.30000000D-05  3.08496282D-06  5.00000000D+00 -9.89999999D-05  8.60961976D-01  8.60961973D-01  1.35967944D+01
  3.40000000D-05  3.17844655D-06  5.00000000D+00 -1.02000000D-04  8.60961976D-01  8.60961973D-01  1.35967944D+01
  3.50000000D-05  3.27193027D-06  5.00000000D+00 -1.05000000D-04  8.60961976D-01  8.60961973D-01  1.35967944D+01
  3.60000000D-05  3.36541399D-06  5.00000000D+00 -1.08000000D-04  8.60961976D-01  8.60961973D-01  1.35967944D+01
  3.70000000D-05  3.45889771D-06  5.00000000D+00 -1.11000000D-04  8.60961976D-01  8.60961973D-01  1.35967944D+01
  3.80000000D-05  3.55238143D-06  5.00000000D+00 -1.14000000D-04  8.60961976D-01  8.60961973D-01  1.35967944D+01
  3.90000000D-05  3.64586516D-06  5.00000000D+00 -1.17000000D-04  8.60961976D-01  8.60961972D-01  1.35967944D+01
  4.00000000D-05  3.73934888D-06  5.00000000D+00 -1.20000000D-04  8.60961976D-01  8.60961972D-01  1.35967944D+01
  4.10000000D-05  3.83283260D-06  5.00000000D+00 -1.23000000D-04  8.60961976D-01  8.60961972D-01  1.35967944D+01
  4.20000000D-05  3.92631632D-06  5.00000000D+00 -1.26000000D-04  8.60961976D-01  8.60961972D-01  1.35967944D+01
  4.30000000D-05  4.01980004D-06  5.00000000D+00 -1.29000000D-04  8.60961976D-01  8.60961971D-01  1.35967944D+01
  4.40000000D-05  4.11328376D-06  5.00000000D+00 -1.32000000D-04  8.60961975D-01  8.60961971D-01  1.35967944D+01
  4.50000000D-05  4.20676749D-06  5.00000000D+00 -1.35000000D-04  8.60961975D-01  8.60961971D-01  1.35967944D+01
  4.60000000D-05  4.30025121D-06  5.00000000D+00 -1.38000000D-04  8.60961975D-01  8.60961971D-01  1.35967944D+01
  4.70000000D-05  4.39373493D-06  5.00000000D+00 -1.41000000D-04  8.60961975D-01  8.60961971D-01  1.35967944D+01
  4.80000000D-05  4.48721865D-06  5.00000000D+00 -1.44000000D-04  8.60961975D-01  8.60961970D-01  1.35967944D+01
  4.90000000D-05  4.58070237D-06  5.00000000D+00 -1.47000000D-04  8.60961975D-01  8.60961970D-01  1.35967944D+01
  5.00000000D-05  4.67418610D-06  5.00000000D+00 -1.50000000D-04  8.60961975D-01  8.60961970D-01  1.35967944D+01
  5.10000000D-05  4.76766982D-06  5.00000000D+00 -1.53000000D-04  8.60961975D-01  8.60961970D-01  1.35967944D+01
  5.20000000D-05  4.86115354D-06  5.00000000D+00 -1.56000000D-04  8.60961975D-01  8.60961969D-01  1.35967944D+01
  5.30000000D-05  4.95463726D-06  5.00000000D+00 -1.59000000D-04  8.60961975D-01  8.60961969D-01  1.35967944D+01
  5.40000000D-05  5.04812098D-06  5.00000000D+00 -1.62000000D-04  8.60961975D-01  8.60961969D-01  1.35967944D+01
  5.50000000D-05  5.14160471D-06  5.00000000D+00 -1.65000000D-04  8.60961975D-01  8.60961969D-01  1.35967944D+01
  5.60000000D-05  5.23508843D-06  5.00000000D+00 -1.67999999D-04  8.60961975D-01  8.60961968D-01  1.35967944D+01
  5.70000000D-05  5.32857215D-06  5.00000000D+00 -1.70999999D-04  8.60961975D-01  8.60961968D-01  1.35967944D+01
  5.80000000D-05  5.42205587D-06  4.99999999D+00 -1.73999999D-04  8.60961975D-01  8.60961968D-01  1.35967944D+01
  5.90000000D-05  5.51553959D-06  4.99999999D+00 -1.76999999D-04  8.60961975D-01  8.60961967D-01  1.35967944D+01
  6.00000000D-05  5.60902332D-06  4.99999999D+00 -1.79999999D-04  8.60961975D-01  8.60961967D-01  1.35967944D+01
  6.10000000D-05  5.70250704D-06  4.99999999D+00 -1.82999999D-04  8.60961975D-01  8.60961967D-01  1.35967944D+01
  6.20000000D-05  5.79599076D-06  4.99999999D+00 -1.85999999D-04  8.60961975D-01  8.60961966D-01  1.35967944D+01
  6.30000000D-05  5.88947448D-06  4.99999999D+00 -1.88999999D-04  8.60961975D-01  8.60961966D-01  1.35967944D+01
  6.40000000D-05  5.98295820D-06  4.99999999D+00 -1.91999999D-04  8.60961975D-01  8.60961966D-01  1.35967944D+01
  6.50000000D-05  6.07644193D-06  4.99999999D+00 -1.94999999D-04  8.60961975D-01  8.60961966D-01  1.35967944D+01
  6.60000000D-05  6.16992565D-06  4.99999999D+00 -1.97999999D-04  8.60961975D-01  8.60961965D-01  1.35967944D+01
  6.70000000D-05  6.26340937D-06  4.99999999D+00 -2.00999999D-04  8.60961975D-01  8.60961965D-01  1.35967944D+01
  6.80000000D-05  6.35689309D-06  4.99999999D+00 -2.03999999D-04  8.60961975D-01  8.60961965D-01  1.35967944D+01
  6.90000000D-05  6.45037681D-06  4.99999999D+00 -2.06999999D-04  8.60961975D-01  8.60961964D-01  1.35967944D+01
  7.00000000D-05  6.54386053D-06  4.99999999D+00 -2.09999999D-04  8.60961975D-01  8.60961964D-01  1.35967944D+01
  7.10000000D-05  6.63734426D-06  4.99999999D+00 -2.12999999D-04  8.60961974D-01  8.60961963D-01  1.35967944D+01
  7.20000000D-05  6.73082798D-06  4.99999999D+00 -2.15999999D-04  8.60961974D-01  8.60961963D-01  1.35967943D+01
  7.30000000D-05  6.82431170D-06  4.99999999D+00 -2.18999999D-04  8.60961974D-01  8.60961963D-01  1.35967943D+01
  7.40000000D-05  6.91779542D-06  4.99999999D+00 -2.21999999D-04  8.60961974D-01  8.60961962D-01  1.35967943D+01
  7.50000000D-05  7.01127914D-06  4.99999999D+00 -2.24999999D-04  8.60961974D-01  8.60961962D-01  1.35967943D+01
  7.60000000D-05  7.10476287D-06  4.99999999D+00 -2.27999999D-04  8.60961974D-01  8.60961962D-01  1.35967943D+01
  7.70000000D-05  7.19824659D-06  4.99999999D+00 -2.30999999D-04  8.60961974D-01  8.60961961D-01  1.35967943D+01
  7.80000000D-05  7.29173031D-06  4.99999999D+00 -2.33999999D-04  8.60961974D-01  8.60961961D-01  1.35967943D+01
  7.90000000D-05  7.38521403D-06  4.99999999D+00 -2.36999999D-04  8.60961974D-01  8.60961960D-01  1.35967943D+01
  8.00000000D-05  7.47869775D-06  4.99999999D+00 -2.39999999D-04  8.60961974D-01  8.60961960D-01  1.35967943D+01
  8.10000000D-05  7.57218148D-06  4.99999999D+00 -2.42999998D-04  8.60961974D-01  8.60961960D-01  1.35967943D+01
  8.20000000D-05  7.66566520D-06  4.99999999D+00 -2.45999998D-04  8.60961974D-01  8.60961959D-01  1.35967943D+01
  8.30000000D-05  7.75914892D-06  4.99999999D+00 -2.48999998D-04  8.60961974D-01  8.60961959D-01  1.35967943D+01
  8.40000000D-05  7.85263264D-06  4.99999999D+00 -2.51999998D-04  8.60961974D-01  8.60961958D-01  1.35967943D+01
  8.50000000D-05  7.94611636D-06  4.99999999D+00 -2.54999998D-04  8.60961974D-01  8.60961958D-01  1.35967943D+01
  8.60000000D-05  8.03960009D-06  4.99999999D+00 -2.57999998D-04  8.60961974D-01  8.60961958D-01  1.35967943D+01
  8.70000000D-05  8.13308381D-06  4.99999999D+00 -2.60999998D-04  8.60961974D-01  8.60961957D-01  1.35967943D+01
  8.80000000D-05  8.22656753D-06  4.99999999D+00 -2.63999998D-04  8.60961974D-01  8.60961957D-01  1.35967943D+01
  8.90000000D-05  8.32005125D-06  4.99999999D+00 -2.66999998D-04  8.60961974D-01  8.60961956D-01  1.35967943D+01
  9.00000000D-05  8.41353497D-06  4.99999999D+00 -2.69999998D-04  8.60961973D-01  8.60961956D-01  1.35967943D+01
  9.10000000D-05  8.50701870D-06  4.99999999D+00 -2.72999998D-04  8.60961973D-01  8.60961955D-01  1.35967943D+01
  9.20000000D-05  8.60050242D-06  4.99999999D+00 -2.75999998D-04  8.60961973D-01  8.60961955D-01  1.35967943D+01
  9.30000000D-05  8.69398614D-06  4.99999999D+00 -2.78999998D-04  8.60961973D-01  8.60961954D-01  1.35967943D+01
  9.40000000D-05  8.78746986D-06  4.99999999D+00 -2.81999998D-04  8.60961973D-01  8.60961954D-01  1.35967943D+01
  9.50000000D-05  8.88095358D-06  4.99999999D+00 -2.84999998D-04  8.60961973D-01  8.60961953D-01  1.35967943D+01
  9.60000000D-05  8.97443730D-06  4.99999999D+00 -2.87999997D-04  8.60961973D-01  8.60961953D-01  1.35967943D+01
  9.70000000D-05  9.06792103D-06  4.99999999D+00 -2.90999997D-04  8.60961973D-01  8.60961953D-01  1.35967943D+01
  9.80000000D-05  9.16140475D-06  4.99999999D+00 -2.93999997D-04  8.60961973D-01  8.60961952D-01  1.35967943D+01
  9.90000000D-05  9.25488847D-06  4.99999999D+00 -2.96999997D-04  8.60961973D-01  8.60961952D-01  1.35967943D+01
  1.00000000D-04  9.34837219D-06  4.99999999D+00 -2.99999997D-04  8.60961973D-01  8.60961951D-01  1.35967943D+01
  1.10000000D-04  1.02832094D-05  4.99999998D+00 -3.29999996D-04  8.60961972D-01  8.60961946D-01  1.35967943D+01
  1.20000000D-04  1.12180466D-05  4.99999998D+00 -3.59999995D-04  8.60961971D-01  8.60961940D-01  1.35967943D+01
  1.30000000D-04  1.21528839D-05  4.99999997D+00 -3.89999994D-04  8.60961971D-01  8.60961934D-01  1.35967943D+01
  1.40000000D-04  1.30877211D-05  4.99999997D+00 -4.19999992D-04  8.60961970D-01  8.60961927D-01  1.35967942D+01
  1.50000000D-04  1.40225583D-05  4.99999997D+00 -4.49999990D-04  8.60961969D-01  8.60961920D-01  1.35967942D+01
  1.60000000D-04  1.49573955D-05  4.99999996D+00 -4.79999988D-04  8.60961968D-01  8.60961912D-01  1.35967942D+01
  1.70000000D-04  1.58922327D-05  4.99999996D+00 -5.09999986D-04  8.60961967D-01  8.60961904D-01  1.35967942D+01
  1.80000000D-04  1.68270699D-05  4.99999995D+00 -5.39999983D-04  8.60961965D-01  8.60961895D-01  1.35967942D+01
  1.90000000D-04  1.77619072D-05  4.99999995D+00 -5.69999980D-04  8.60961964D-01  8.60961886D-01  1.35967941D+01
  2.00000000D-04  1.86967444D-05  4.99999994D+00 -5.99999977D-04  8.60961963D-01  8.60961876D-01  1.35967941D+01
  2.10000000D-04  1.96315816D-05  4.99999993D+00 -6.29999973D-04  8.60961962D-01  8.60961865D-01  1.35967941D+01
  2.20000000D-04  2.05664188D-05  4.99999993D+00 -6.59999969D-04  8.60961960D-01  8.60961855D-01  1.35967940D+01
  2.30000000D-04  2.15012560D-05  4.99999992D+00 -6.89999965D-04  8.60961959D-01  8.60961843D-01  1.35967940D+01
  2.40000000D-04  2.24360933D-05  4.99999991D+00 -7.19999960D-04  8.60961957D-01  8.60961832D-01  1.35967940D+01
  2.50000000D-04  2.33709305D-05  4.99999991D+00 -7.49999955D-04  8.60961955D-01  8.60961819D-01  1.35967939D+01
  2.60000000D-04  2.43057677D-05  4.99999990D+00 -7.79999950D-04  8.60961954D-01  8.60961806D-01  1.35967939D+01
  2.70000000D-04  2.52406049D-05  4.99999989D+00 -8.09999944D-04  8.60961952D-01  8.60961793D-01  1.35967939D+01
  2.80000000D-04  2.61754421D-05  4.99999988D+00 -8.39999937D-04  8.60961950D-01  8.60961779D-01  1.35967938D+01
  2.90000000D-04  2.71102794D-05  4.99999987D+00 -8.69999930D-04  8.60961948D-01  8.60961765D-01  1.35967938D+01
  3.00000000D-04  2.80451166D-05  4.99999987D+00 -8.99999923D-04  8.60961946D-01  8.60961750D-01  1.35967937D+01
  3.10000000D-04  2.89799538D-05  4.99999986D+00 -9.29999915D-04  8.60961944D-01  8.60961735D-01  1.35967937D+01
  3.20000000D-04  2.99147910D-05  4.99999985D+00 -9.59999906D-04  8.60961942D-01  8.60961719D-01  1.35967937D+01
  3.30000000D-04  3.08496282D-05  4.99999984D+00 -9.89999897D-04  8.60961940D-01  8.60961703D-01  1.35967936D+01
  3.40000000D-04  3.17844655D-05  4.99999983D+00 -1.01999989D-03  8.60961938D-01  8.60961686D-01  1.35967936D+01
  3.50000000D-04  3.27193027D-05  4.99999982D+00 -1.04999988D-03  8.60961936D-01  8.60961669D-01  1.35967935D+01
  3.60000000D-04  3.36541399D-05  4.99999981D+00 -1.07999987D-03  8.60961933D-01  8.60961651D-01  1.35967935D+01
  3.70000000D-04  3.45889771D-05  4.99999979D+00 -1.10999985D-03  8.60961931D-01  8.60961633D-01  1.35967934D+01
  3.80000000D-04  3.55238143D-05  4.99999978D+00 -1.13999984D-03  8.60961928D-01  8.60961614D-01  1.35967933D+01
  3.90000000D-04  3.64586516D-05  4.99999977D+00 -1.16999983D-03  8.60961926D-01  8.60961594D-01  1.35967933D+01
  4.00000000D-04  3.73934888D-05  4.99999976D+00 -1.19999982D-03  8.60961923D-01  8.60961575D-01  1.35967932D+01
  4.10000000D-04  3.83283260D-05  4.99999975D+00 -1.22999980D-03  8.60961921D-01  8.60961554D-01  1.35967932D+01
  4.20000000D-04  3.92631632D-05  4.99999974D+00 -1.25999979D-03  8.60961918D-01  8.60961533D-01  1.35967931D+01
  4.30000000D-04  4.01980004D-05  4.99999972D+00 -1.28999977D-03  8.60961915D-01  8.60961512D-01  1.35967931D+01
  4.40000000D-04  4.11328376D-05  4.99999971D+00 -1.31999976D-03  8.60961912D-01  8.60961490D-01  1.35967930D+01
  4.50000000D-04  4.20676749D-05  4.99999970D+00 -1.34999974D-03  8.60961909D-01  8.60961468D-01  1.35967929D+01
  4.60000000D-04  4.30025121D-05  4.99999968D+00 -1.37999972D-03  8.60961906D-01  8.60961445D-01  1.35967929D+01
  4.70000000D-04  4.39373493D-05  4.99999967D+00 -1.40999970D-03  8.60961903D-01  8.60961422D-01  1.35967928D+01
  4.80000000D-04  4.48721865D-05  4.99999965D+00 -1.43999968D-03  8.60961900D-01  8.60961398D-01  1.35967927D+01
  4.90000000D-04  4.58070237D-05  4.99999964D+00 -1.46999966D-03  8.60961897D-01  8.60961374D-01  1.35967927D+01
  5.00000000D-04  4.67418610D-05  4.99999963D+00 -1.49999964D-03  8.60961894D-01  8.60961349D-01  1.35967926D+01
  5.10000000D-04  4.76766982D-05  4.99999961D+00 -1.52999962D-03  8.60961890D-01  8.60961323D-01  1.35967925D+01
  5.20000000D-04  4.86115354D-05  4.99999959D+00 -1.55999960D-03  8.60961887D-01  8.60961298D-01  1.35967924D+01
  5.30000000D-04  4.95463726D-05  4.99999958D+00 -1.58999957D-03  8.60961883D-01  8.60961271D-01  1.35967924D+01
  5.40000000D-04  5.04812098D-05  4.99999956D+00 -1.61999955D-03  8.60961880D-01  8.60961244D-01  1.35967923D+01
  5.50000000D-04  5.14160471D-05  4.99999955D+00 -1.64999952D-03  8.60961876D-01  8.60961217D-01  1.35967922D+01
  5.60000000D-04  5.23508843D-05  4.99999953D+00 -1.67999950D-03  8.60961873D-01  8.60961189D-01  1.35967921D+01
  5.70000000D-04  5.32857215D-05  4.99999951D+00 -1.70999947D-03  8.60961869D-01  8.60961161D-01  1.35967921D+01
  5.80000000D-04  5.42205587D-05  4.99999950D+00 -1.73999944D-03  8.60961865D-01  8.60961132D-01  1.35967920D+01
  5.90000000D-04  5.51553959D-05  4.99999948D+00 -1.76999941D-03  8.60961861D-01  8.60961103D-01  1.35967919D+01
  6.00000000D-04  5.60902332D-05  4.99999946D+00 -1.79999938D-03  8.60961857D-01  8.60961073D-01  1.35967918D+01
  6.10000000D-04  5.70250704D-05  4.99999944D+00 -1.82999935D-03  8.60961853D-01  8.60961042D-01  1.35967917D+01
  6.20000000D-04  5.79599076D-05  4.99999942D+00 -1.85999932D-03  8.60961849D-01  8.60961011D-01  1.35967916D+01
  6.30000000D-04  5.88947448D-05  4.99999940D+00 -1.88999928D-03  8.60961845D-01  8.60960980D-01  1.35967915D+01
  6.40000000D-04  5.98295820D-05  4.99999939D+00 -1.91999925D-03  8.60961841D-01  8.60960948D-01  1.35967914D+01
  6.50000000D-04  6.07644193D-05  4.99999937D+00 -1.94999921D-03  8.60961837D-01  8.60960916D-01  1.35967913D+01
  6.60000000D-04  6.16992565D-05  4.99999935D+00 -1.97999918D-03  8.60961832D-01  8.60960883D-01  1.35967913D+01
  6.70000000D-04  6.26340937D-05  4.99999933D+00 -2.00999914D-03  8.60961828D-01  8.60960850D-01  1.35967912D+01
  6.80000000D-04  6.35689309D-05  4.99999931D+00 -2.03999910D-03  8.60961824D-01  8.60960816D-01  1.35967911D+01
  6.90000000D-04  6.45037681D-05  4.99999929D+00 -2.06999906D-03  8.60961819D-01  8.60960781D-01  1.35967910D+01
  7.00000000D-04  6.54386053D-05  4.99999927D+00 -2.09999902D-03  8.60961814D-01  8.60960746D-01  1.35967909D+01
  7.10000000D-04  6.63734426D-05  4.99999924D+00 -2.12999897D-03  8.60961810D-01  8.60960711D-01  1.35967908D+01
  7.20000000D-04  6.73082798D-05  4.99999922D+00 -2.15999893D-03  8.60961805D-01  8.60960675D-01  1.35967907D+01
  7.30000000D-04  6.82431170D-05  4.99999920D+00 -2.18999889D-03  8.60961800D-01  8.60960639D-01  1.35967906D+01
  7.40000000D-04  6.91779542D-05  4.99999918D+00 -2.21999884D-03  8.60961795D-01  8.60960602D-01  1.35967904D+01
  7.50000000D-04  7.01127914D-05  4.99999916D+00 -2.24999879D-03  8.60961790D-01  8.60960564D-01  1.35967903D+01
  7.60000000D-04  7.10476287D-05  4.99999913D+00 -2.27999874D-03  8.60961785D-01  8.60960527D-01  1.35967902D+01
  7.70000000D-04  7.19824659D-05  4.99999911D+00 -2.30999869D-03  8.60961780D-01  8.60960488D-01  1.35967901D+01
  7.80000000D-04  7.29173031D-05  4.99999909D+00 -2.33999864D-03  8.60961775D-01  8.60960449D-01  1.35967900D+01
  7.90000000D-04  7.38521403D-05  4.99999906D+00 -2.36999859D-03  8.60961770D-01  8.60960410D-01  1.35967899D+01
  8.00000000D-04  7.47869775D-05  4.99999904D+00 -2.39999853D-03  8.60961765D-01  8.60960370D-01  1.35967898D+01
  8.10000000D-04  7.57218148D-05  4.99999902D+00 -2.42999848D-03  8.60961760D-01  8.60960330D-01  1.35967897D+01
  8.20000000D-04  7.66566520D-05  4.99999899D+00 -2.45999842D-03  8.60961754D-01  8.60960289D-01  1.35967896D+01
  8.30000000D-04  7.75914892D-05  4.99999897D+00 -2.48999836D-03  8.60961749D-01  8.60960247D-01  1.35967894D+01
  8.40000000D-04  7.85263264D-05  4.99999894D+00 -2.51999830D-03  8.60961743D-01  8.60960205D-01  1.35967893D+01
  8.50000000D-04  7.94611636D-05  4.99999892D+00 -2.54999824D-03  8.60961738D-01  8.60960163D-01  1.35967892D+01
  8.60000000D-04  8.03960009D-05  4.99999889D+00 -2.57999818D-03  8.60961732D-01  8.60960120D-01  1.35967891D+01
  8.70000000D-04  8.13308381D-05  4.99999886D+00 -2.60999811D-03  8.60961726D-01  8.60960077D-01  1.35967889D+01
  8.80000000D-04  8.22656753D-05  4.99999884D+00 -2.63999805D-03  8.60961721D-01  8.60960033D-01  1.35967888D+01
  8.90000000D-04  8.32005125D-05  4.99999881D+00 -2.66999798D-03  8.60961715D-01  8.60959988D-01  1.35967887D+01
  9.00000000D-04  8.41353497D-05  4.99999879D+00 -2.69999791D-03  8.60961709D-01  8.60959943D-01  1.35967886D+01
  9.10000000D-04  8.50701870D-05  4.99999876D+00 -2.72999784D-03  8.60961703D-01  8.60959898D-01  1.35967884D+01
  9.20000000D-04  8.60050242D-05  4.99999873D+00 -2.75999777D-03  8.60961697D-01  8.60959852D-01  1.35967883D+01
  9.30000000D-04  8.69398614D-05  4.99999870D+00 -2.78999770D-03  8.60961691D-01  8.60959806D-01  1.35967882D+01
  9.40000000D-04  8.78746986D-05  4.99999867D+00 -2.81999762D-03  8.60961684D-01  8.60959759D-01  1.35967880D+01
  9.50000000D-04  8.88095358D-05  4.99999865D+00 -2.84999754D-03  8.60961678D-01  8.60959711D-01  1.35967879D+01
  9.60000000D-04  8.97443730D-05  4.99999862D+00 -2.87999746D-03  8.60961672D-01  8.60959663D-01  1.35967878D+01
  9.70000000D-04  9.06792103D-05  4.99999859D+00 -2.90999738D-03  8.60961666D-01  8.60959615D-01  1.35967876D+01
  9.80000000D-04  9.16140475D-05  4.99999856D+00 -2.93999730D-03  8.60961659D-01  8.60959566D-01  1.35967875D+01
  9.90000000D-04  9.25488847D-05  4.99999853D+00 -2.96999722D-03  8.60961653D-01  8.60959516D-01  1.35967873D+01
  1.00000000D-03  9.34837219D-05  4.99999850D+00 -2.99999713D-03  8.60961646D-01  8.60959466D-01  1.35967872D+01
  1.15000000D-03  1.07506280D-04  4.99999802D+00 -3.44999564D-03  8.60961540D-01  8.60958657D-01  1.35967849D+01
  1.30000000D-03  1.21528839D-04  4.99999747D+00 -3.89999370D-03  8.60961418D-01  8.60957735D-01  1.35967822D+01
  1.40000000D-03  1.30877211D-04  4.99999706D+00 -4.19999214D-03  8.60961329D-01  8.60957057D-01  1.35967803D+01
  1.50000000D-03  1.40225583D-04  4.99999663D+00 -4.49999033D-03  8.60961234D-01  8.60956329D-01  1.35967782D+01
  1.60000000D-03  1.49573955D-04  4.99999616D+00 -4.79998826D-03  8.60961131D-01  8.60955551D-01  1.35967760D+01
  1.70000000D-03  1.58922327D-04  4.99999567D+00 -5.09998592D-03  8.60961022D-01  8.60954723D-01  1.35967736D+01
  1.80000000D-03  1.68270699D-04  4.99999514D+00 -5.39998329D-03  8.60960907D-01  8.60953845D-01  1.35967711D+01
  1.90000000D-03  1.77619072D-04  4.99999459D+00 -5.69998035D-03  8.60960785D-01  8.60952916D-01  1.35967684D+01
  2.00000000D-03  1.86967444D-04  4.99999400D+00 -5.99997708D-03  8.60960656D-01  8.60951937D-01  1.35967656D+01
  2.10000000D-03  1.96315816D-04  4.99999339D+00 -6.29997346D-03  8.60960521D-01  8.60950909D-01  1.35967627D+01
  2.20000000D-03  2.05664188D-04  4.99999274D+00 -6.59996949D-03  8.60960379D-01  8.60949829D-01  1.35967596D+01
  2.30000000D-03  2.15012560D-04  4.99999207D+00 -6.89996514D-03  8.60960230D-01  8.60948700D-01  1.35967563D+01
  2.40000000D-03  2.24360933D-04  4.99999136D+00 -7.19996039D-03  8.60960075D-01  8.60947520D-01  1.35967530D+01
  2.50000000D-03  2.33709305D-04  4.99999063D+00 -7.49995523D-03  8.60959913D-01  8.60946291D-01  1.35967494D+01
  2.60000000D-03  2.43057677D-04  4.99998986D+00 -7.79994964D-03  8.60959745D-01  8.60945011D-01  1.35967458D+01
  2.70000000D-03  2.52406049D-04  4.99998907D+00 -8.09994360D-03  8.60959570D-01  8.60943681D-01  1.35967420D+01
  2.80000000D-03  2.61754421D-04  4.99998824D+00 -8.39993710D-03  8.60959389D-01  8.60942300D-01  1.35967380D+01
  2.90000000D-03  2.71102794D-04  4.99998739D+00 -8.69993011D-03  8.60959200D-01  8.60940870D-01  1.35967339D+01
  3.00000000D-03  2.80451166D-04  4.99998650D+00 -8.99992263D-03  8.60959006D-01  8.60939389D-01  1.35967297D+01
  3.10000000D-03  2.89799538D-04  4.99998559D+00 -9.29991464D-03  8.60958804D-01  8.60937858D-01  1.35967253D+01
  3.20000000D-03  2.99147910D-04  4.99998464D+00 -9.59990611D-03  8.60958596D-01  8.60936277D-01  1.35967208D+01
  3.30000000D-03  3.08496282D-04  4.99998367D+00 -9.89989703D-03  8.60958382D-01  8.60934646D-01  1.35967161D+01
  3.40000000D-03  3.17844655D-04  4.99998266D+00 -1.01998874D-02  8.60958161D-01  8.60932965D-01  1.35967113D+01
  3.50000000D-03  3.27193027D-04  4.99998163D+00 -1.04998771D-02  8.60957933D-01  8.60931233D-01  1.35967063D+01
  3.60000000D-03  3.36541399D-04  4.99998056D+00 -1.07998663D-02  8.60957699D-01  8.60929451D-01  1.35967012D+01
  3.70000000D-03  3.45889771D-04  4.99997947D+00 -1.10998549D-02  8.60957458D-01  8.60927619D-01  1.35966960D+01
  3.80000000D-03  3.55238143D-04  4.99997834D+00 -1.13998428D-02  8.60957210D-01  8.60925737D-01  1.35966906D+01
  3.90000000D-03  3.64586516D-04  4.99997719D+00 -1.16998300D-02  8.60956956D-01  8.60923805D-01  1.35966850D+01
  4.00000000D-03  3.73934888D-04  4.99997600D+00 -1.19998166D-02  8.60956695D-01  8.60921822D-01  1.35966793D+01
  4.10000000D-03  3.83283260D-04  4.99997479D+00 -1.22998025D-02  8.60956428D-01  8.60919789D-01  1.35966735D+01
  4.20000000D-03  3.92631632D-04  4.99997354D+00 -1.25997877D-02  8.60956154D-01  8.60917706D-01  1.35966676D+01
  4.30000000D-03  4.01980004D-04  4.99997227D+00 -1.28997722D-02  8.60955874D-01  8.60915573D-01  1.35966614D+01
  4.40000000D-03  4.11328376D-04  4.99997096D+00 -1.31997559D-02  8.60955586D-01  8.60913390D-01  1.35966552D+01
  4.50000000D-03  4.20676749D-04  4.99996963D+00 -1.34997389D-02  8.60955293D-01  8.60911156D-01  1.35966488D+01
  4.60000000D-03  4.30025121D-04  4.99996826D+00 -1.37997211D-02  8.60954992D-01  8.60908873D-01  1.35966422D+01
  4.70000000D-03  4.39373493D-04  4.99996687D+00 -1.40997025D-02  8.60954685D-01  8.60906539D-01  1.35966356D+01
  4.80000000D-03  4.48721865D-04  4.99996544D+00 -1.43996831D-02  8.60954372D-01  8.60904155D-01  1.35966287D+01
  4.90000000D-03  4.58070237D-04  4.99996399D+00 -1.46996629D-02  8.60954052D-01  8.60901720D-01  1.35966217D+01
  5.00000000D-03  4.67418610D-04  4.99996250D+00 -1.49996418D-02  8.60953725D-01  8.60899236D-01  1.35966146D+01
  5.10000000D-03  4.76766982D-04  4.99996099D+00 -1.52996199D-02  8.60953392D-01  8.60896701D-01  1.35966074D+01
  5.20000000D-03  4.86115354D-04  4.99995944D+00 -1.55995971D-02  8.60953052D-01  8.60894116D-01  1.35966000D+01
  5.30000000D-03  4.95463726D-04  4.99995787D+00 -1.58995734D-02  8.60952705D-01  8.60891481D-01  1.35965924D+01
  5.40000000D-03  5.04812098D-04  4.99995626D+00 -1.61995488D-02  8.60952352D-01  8.60888796D-01  1.35965847D+01
  5.50000000D-03  5.14160471D-04  4.99995463D+00 -1.64995233D-02  8.60951992D-01  8.60886061D-01  1.35965769D+01
  5.60000000D-03  5.23508843D-04  4.99995296D+00 -1.67994968D-02  8.60951626D-01  8.60883275D-01  1.35965689D+01
  5.70000000D-03  5.32857215D-04  4.99995127D+00 -1.70994694D-02  8.60951253D-01  8.60880440D-01  1.35965608D+01
  5.80000000D-03  5.42205587D-04  4.99994954D+00 -1.73994409D-02  8.60950874D-01  8.60877554D-01  1.35965525D+01
  5.90000000D-03  5.51553959D-04  4.99994779D+00 -1.76994115D-02  8.60950487D-01  8.60874618D-01  1.35965441D+01
  6.00000000D-03  5.60902332D-04  4.99994600D+00 -1.79993811D-02  8.60950095D-01  8.60871631D-01  1.35965355D+01
  6.10000000D-03  5.70250704D-04  4.99994419D+00 -1.82993496D-02  8.60949695D-01  8.60868595D-01  1.35965268D+01
  6.20000000D-03  5.79599076D-04  4.99994234D+00 -1.85993171D-02  8.60949289D-01  8.60865508D-01  1.35965180D+01
  6.30000000D-03  5.88947448D-04  4.99994047D+00 -1.88992835D-02  8.60948877D-01  8.60862371D-01  1.35965090D+01
  6.40000000D-03  5.98295820D-04  4.99993856D+00 -1.91992489D-02  8.60948458D-01  8.60859184D-01  1.35964999D+01
  6.50000000D-03  6.07644193D-04  4.99993663D+00 -1.94992131D-02  8.60948032D-01  8.60855947D-01  1.35964906D+01
  6.60000000D-03  6.16992565D-04  4.99993466D+00 -1.97991762D-02  8.60947600D-01  8.60852660D-01  1.35964812D+01
  6.70000000D-03  6.26340937D-04  4.99993267D+00 -2.00991382D-02  8.60947161D-01  8.60849322D-01  1.35964716D+01
  6.80000000D-03  6.35689309D-04  4.99993064D+00 -2.03990990D-02  8.60946715D-01  8.60845935D-01  1.35964619D+01
  6.90000000D-03  6.45037681D-04  4.99992859D+00 -2.06990587D-02  8.60946263D-01  8.60842497D-01  1.35964521D+01
  7.00000000D-03  6.54386053D-04  4.99992650D+00 -2.09990172D-02  8.60945804D-01  8.60839009D-01  1.35964421D+01
  7.10000000D-03  6.63734426D-04  4.99992439D+00 -2.12989745D-02  8.60945339D-01  8.60835470D-01  1.35964319D+01
  7.20000000D-03  6.73082798D-04  4.99992224D+00 -2.15989305D-02  8.60944867D-01  8.60831882D-01  1.35964217D+01
  7.30000000D-03  6.82431170D-04  4.99992007D+00 -2.18988853D-02  8.60944388D-01  8.60828243D-01  1.35964112D+01
  7.40000000D-03  6.91779542D-04  4.99991786D+00 -2.21988389D-02  8.60943903D-01  8.60824555D-01  1.35964007D+01
  7.50000000D-03  7.01127914D-04  4.99991563D+00 -2.24987912D-02  8.60943411D-01  8.60820816D-01  1.35963899D+01
  7.60000000D-03  7.10476287D-04  4.99991336D+00 -2.27987422D-02  8.60942913D-01  8.60817026D-01  1.35963791D+01
  7.70000000D-03  7.19824659D-04  4.99991107D+00 -2.30986919D-02  8.60942408D-01  8.60813187D-01  1.35963681D+01
  7.80000000D-03  7.29173031D-04  4.99990874D+00 -2.33986403D-02  8.60941897D-01  8.60809298D-01  1.35963569D+01
  7.90000000D-03  7.38521403D-04  4.99990639D+00 -2.36985873D-02  8.60941378D-01  8.60805358D-01  1.35963457D+01
  8.00000000D-03  7.47869775D-04  4.99990400D+00 -2.39985330D-02  8.60940854D-01  8.60801368D-01  1.35963342D+01
  8.10000000D-03  7.57218148D-04  4.99990159D+00 -2.42984773D-02  8.60940322D-01  8.60797328D-01  1.35963226D+01
  8.20000000D-03  7.66566520D-04  4.99989914D+00 -2.45984202D-02  8.60939784D-01  8.60793238D-01  1.35963109D+01
  8.30000000D-03  7.75914892D-04  4.99989667D+00 -2.48983617D-02  8.60939240D-01  8.60789098D-01  1.35962991D+01
  8.40000000D-03  7.85263264D-04  4.99989416D+00 -2.51983017D-02  8.60938689D-01  8.60784907D-01  1.35962871D+01
  8.50000000D-03  7.94611636D-04  4.99989163D+00 -2.54982404D-02  8.60938131D-01  8.60780666D-01  1.35962749D+01
  8.60000000D-03  8.03960009D-04  4.99988906D+00 -2.57981775D-02  8.60937567D-01  8.60776376D-01  1.35962626D+01
  8.70000000D-03  8.13308381D-04  4.99988647D+00 -2.60981132D-02  8.60936996D-01  8.60772035D-01  1.35962502D+01
  8.80000000D-03  8.22656753D-04  4.99988384D+00 -2.63980474D-02  8.60936418D-01  8.60767643D-01  1.35962376D+01
  8.90000000D-03  8.32005125D-04  4.99988119D+00 -2.66979801D-02  8.60935834D-01  8.60763202D-01  1.35962249D+01
  9.00000000D-03  8.41353497D-04  4.99987850D+00 -2.69979112D-02  8.60935243D-01  8.60758710D-01  1.35962120D+01
  9.10000000D-03  8.50701870D-04  4.99987579D+00 -2.72978408D-02  8.60934646D-01  8.60754169D-01  1.35961990D+01
  9.20000000D-03  8.60050242D-04  4.99987305D+00 -2.75977689D-02  8.60934042D-01  8.60749577D-01  1.35961858D+01
  9.30000000D-03  8.69398614D-04  4.99987027D+00 -2.78976953D-02  8.60933431D-01  8.60744935D-01  1.35961725D+01
  9.40000000D-03  8.78746986D-04  4.99986747D+00 -2.81976202D-02  8.60932814D-01  8.60740243D-01  1.35961591D+01
  9.50000000D-03  8.88095358D-04  4.99986463D+00 -2.84975434D-02  8.60932191D-01  8.60735500D-01  1.35961455D+01
  9.60000000D-03  8.97443730D-04  4.99986177D+00 -2.87974650D-02  8.60931560D-01  8.60730708D-01  1.35961318D+01
  9.70000000D-03  9.06792103D-04  4.99985887D+00 -2.90973850D-02  8.60930923D-01  8.60725865D-01  1.35961179D+01
  9.80000000D-03  9.16140475D-04  4.99985595D+00 -2.93973033D-02  8.60930280D-01  8.60720972D-01  1.35961039D+01
  9.90000000D-03  9.25488847D-04  4.99985299D+00 -2.96972199D-02  8.60929630D-01  8.60716029D-01  1.35960897D+01
  1.00000000D-02  9.34837219D-04  4.99985001D+00 -2.99971348D-02  8.60928973D-01  8.60711036D-01  1.35960754D+01
  1.10000000D-02  1.02832094D-03  4.99981851D+00 -3.29961865D-02  8.60922042D-01  8.60658346D-01  1.35959244D+01
  1.20000000D-02  1.12180466D-03  4.99978401D+00 -3.59950491D-02  8.60914452D-01  8.60600640D-01  1.35957591D+01
  1.30000000D-02  1.21528839D-03  4.99974652D+00 -3.89937055D-02  8.60906202D-01  8.60537920D-01  1.35955794D+01
  1.40000000D-02  1.30877211D-03  4.99970603D+00 -4.19921386D-02  8.60897292D-01  8.60470186D-01  1.35953853D+01
  1.50000000D-02  1.40225583D-03  4.99966254D+00 -4.49903310D-02  8.60887722D-01  8.60397439D-01  1.35951768D+01
  1.60000000D-02  1.49573955D-03  4.99961605D+00 -4.79882658D-02  8.60877493D-01  8.60319681D-01  1.35949540D+01
  1.70000000D-02  1.58922327D-03  4.99956656D+00 -5.09859256D-02  8.60866603D-01  8.60236912D-01  1.35947168D+01
  1.80000000D-02  1.68270699D-03  4.99951408D+00 -5.39832935D-02  8.60855055D-01  8.60149133D-01  1.35944652D+01
  1.90000000D-02  1.77619072D-03  4.99945859D+00 -5.69803521D-02  8.60842846D-01  8.60056345D-01  1.35941993D+01
  2.00000000D-02  1.86967444D-03  4.99940011D+00 -5.99770845D-02  8.60829978D-01  8.59958550D-01  1.35939190D+01
  2.10000000D-02  1.96315816D-03  4.99933864D+00 -6.29734734D-02  8.60816451D-01  8.59855749D-01  1.35936244D+01
  2.20000000D-02  2.05664188D-03  4.99927417D+00 -6.59695017D-02  8.60802264D-01  8.59747944D-01  1.35933154D+01
  2.30000000D-02  2.15012560D-03  4.99920670D+00 -6.89651523D-02  8.60787417D-01  8.59635135D-01  1.35929920D+01
  2.40000000D-02  2.24360933D-03  4.99913624D+00 -7.19604082D-02  8.60771912D-01  8.59517324D-01  1.35926543D+01
  2.50000000D-02  2.33709305D-03  4.99906278D+00 -7.49552521D-02  8.60755747D-01  8.59394514D-01  1.35923022D+01
  2.60000000D-02  2.43057677D-03  4.99898633D+00 -7.79496669D-02  8.60738923D-01  8.59266705D-01  1.35919358D+01
  2.70000000D-02  2.52406049D-03  4.99890688D+00 -8.09436357D-02  8.60721440D-01  8.59133899D-01  1.35915551D+01
  2.80000000D-02  2.61754421D-03  4.99882444D+00 -8.39371412D-02  8.60703298D-01  8.58996098D-01  1.35911600D+01
  2.90000000D-02  2.71102794D-03  4.99873901D+00 -8.69301665D-02  8.60684497D-01  8.58853303D-01  1.35907506D+01
  3.00000000D-02  2.80451166D-03  4.99865058D+00 -8.99226944D-02  8.60665038D-01  8.58705518D-01  1.35903268D+01
  3.10000000D-02  2.89799538D-03  4.99855916D+00 -9.29147079D-02  8.60644919D-01  8.58552743D-01  1.35898887D+01
  3.20000000D-02  2.99147910D-03  4.99846475D+00 -9.59061899D-02  8.60624142D-01  8.58394981D-01  1.35894363D+01
  3.30000000D-02  3.08496282D-03  4.99836735D+00 -9.88971234D-02  8.60602707D-01  8.58232233D-01  1.35889696D+01
  3.40000000D-02  3.17844655D-03  4.99826696D+00 -1.01887491D-01  8.60580613D-01  8.58064502D-01  1.35884885D+01
  3.50000000D-02  3.27193027D-03  4.99816357D+00 -1.04877277D-01  8.60557860D-01  8.57891791D-01  1.35879932D+01
  3.60000000D-02  3.36541399D-03  4.99805720D+00 -1.07866463D-01  8.60534450D-01  8.57714101D-01  1.35874835D+01
  3.70000000D-02  3.45889771D-03  4.99794784D+00 -1.10855032D-01  8.60510381D-01  8.57531435D-01  1.35869595D+01
  3.80000000D-02  3.55238143D-03  4.99783549D+00 -1.13842968D-01  8.60485655D-01  8.57343794D-01  1.35864212D+01
  3.90000000D-02  3.64586516D-03  4.99772016D+00 -1.16830253D-01  8.60460270D-01  8.57151183D-01  1.35858686D+01
  4.00000000D-02  3.73934888D-03  4.99760183D+00 -1.19816871D-01  8.60434228D-01  8.56953603D-01  1.35853017D+01
  4.10000000D-02  3.83283260D-03  4.99748052D+00 -1.22802804D-01  8.60407528D-01  8.56751057D-01  1.35847205D+01
  4.20000000D-02  3.92631632D-03  4.99735623D+00 -1.25788036D-01  8.60380170D-01  8.56543547D-01  1.35841250D+01
  4.30000000D-02  4.01980004D-03  4.99722895D+00 -1.28772549D-01  8.60352155D-01  8.56331076D-01  1.35835152D+01
  4.40000000D-02  4.11328376D-03  4.99709868D+00 -1.31756327D-01  8.60323483D-01  8.56113648D-01  1.35828912D+01
  4.50000000D-02  4.20676749D-03  4.99696543D+00 -1.34739353D-01  8.60294154D-01  8.55891265D-01  1.35822529D+01
  4.60000000D-02  4.30025121D-03  4.99682920D+00 -1.37721610D-01  8.60264167D-01  8.55663929D-01  1.35816003D+01
  4.70000000D-02  4.39373493D-03  4.99668999D+00 -1.40703081D-01  8.60233524D-01  8.55431645D-01  1.35809334D+01
  4.80000000D-02  4.48721865D-03  4.99654780D+00 -1.43683749D-01  8.60202224D-01  8.55194414D-01  1.35802523D+01
  4.90000000D-02  4.58070237D-03  4.99640262D+00 -1.46663598D-01  8.60170267D-01  8.54952241D-01  1.35795570D+01
  5.00000000D-02  4.67418610D-03  4.99625447D+00 -1.49642610D-01  8.60137654D-01  8.54705128D-01  1.35788474D+01
  5.10000000D-02  4.76766982D-03  4.99610334D+00 -1.52620769D-01  8.60104385D-01  8.54453079D-01  1.35781235D+01
  5.20000000D-02  4.86115354D-03  4.99594923D+00 -1.55598057D-01  8.60070460D-01  8.54196096D-01  1.35773854D+01
  5.30000000D-02  4.95463726D-03  4.99579214D+00 -1.58574459D-01  8.60035878D-01  8.53934184D-01  1.35766331D+01
  5.40000000D-02  5.04812098D-03  4.99563208D+00 -1.61549957D-01  8.60000641D-01  8.53667346D-01  1.35758666D+01
  5.50000000D-02  5.14160471D-03  4.99546904D+00 -1.64524535D-01  8.59964748D-01  8.53395585D-01  1.35750858D+01
  5.60000000D-02  5.23508843D-03  4.99530303D+00 -1.67498175D-01  8.59928200D-01  8.53118905D-01  1.35742908D+01
  5.70000000D-02  5.32857215D-03  4.99513405D+00 -1.70470861D-01  8.59890996D-01  8.52837310D-01  1.35734816D+01
  5.80000000D-02  5.42205587D-03  4.99496209D+00 -1.73442577D-01  8.59853137D-01  8.52550803D-01  1.35726582D+01
  5.90000000D-02  5.51553959D-03  4.99478716D+00 -1.76413306D-01  8.59814623D-01  8.52259388D-01  1.35718207D+01
  6.00000000D-02  5.60902332D-03  4.99460926D+00 -1.79383030D-01  8.59775455D-01  8.51963069D-01  1.35709689D+01
  6.10000000D-02  5.70250704D-03  4.99442840D+00 -1.82351734D-01  8.59735631D-01  8.51661849D-01  1.35701029D+01
  6.20000000D-02  5.79599076D-03  4.99424456D+00 -1.85319400D-01  8.59695154D-01  8.51355734D-01  1.35692228D+01
  6.30000000D-02  5.88947448D-03  4.99405776D+00 -1.88286013D-01  8.59654022D-01  8.51044726D-01  1.35683285D+01
  6.40000000D-02  5.98295820D-03  4.99386799D+00 -1.91251555D-01  8.59612236D-01  8.50728830D-01  1.35674200D+01
  6.50000000D-02  6.07644193D-03  4.99367526D+00 -1.94216010D-01  8.59569796D-01  8.50408051D-01  1.35664974D+01
  6.60000000D-02  6.16992565D-03  4.99347956D+00 -1.97179361D-01  8.59526702D-01  8.50082391D-01  1.35655606D+01
  6.70000000D-02  6.26340937D-03  4.99328090D+00 -2.00141592D-01  8.59482955D-01  8.49751857D-01  1.35646097D+01
  6.80000000D-02  6.35689309D-03  4.99307928D+00 -2.03102686D-01  8.59438555D-01  8.49416451D-01  1.35636447D+01
  6.90000000D-02  6.45037681D-03  4.99287469D+00 -2.06062627D-01  8.59393501D-01  8.49076178D-01  1.35626655D+01
  7.00000000D-02  6.54386053D-03  4.99266715D+00 -2.09021398D-01  8.59347795D-01  8.48731044D-01  1.35616722D+01
  7.10000000D-02  6.63734426D-03  4.99245665D+00 -2.11978983D-01  8.59301436D-01  8.48381052D-01  1.35606648D+01
  7.20000000D-02  6.73082798D-03  4.99224319D+00 -2.14935366D-01  8.59254424D-01  8.48026206D-01  1.35596433D+01
  7.30000000D-02  6.82431170D-03  4.99202678D+00 -2.17890529D-01  8.59206761D-01  8.47666513D-01  1.35586077D+01
  7.40000000D-02  6.91779542D-03  4.99180741D+00 -2.20844457D-01  8.59158445D-01  8.47301975D-01  1.35575580D+01
  7.50000000D-02  7.01127914D-03  4.99158509D+00 -2.23797132D-01  8.59109478D-01  8.46932599D-01  1.35564942D+01
  7.60000000D-02  7.10476287D-03  4.99135982D+00 -2.26748540D-01  8.59059859D-01  8.46558389D-01  1.35554164D+01
  7.70000000D-02  7.19824659D-03  4.99113159D+00 -2.29698663D-01  8.59009588D-01  8.46179350D-01  1.35543245D+01
  7.80000000D-02  7.29173031D-03  4.99090042D+00 -2.32647485D-01  8.58958667D-01  8.45795486D-01  1.35532185D+01
  7.90000000D-02  7.38521403D-03  4.99066630D+00 -2.35594990D-01  8.58907095D-01  8.45406804D-01  1.35520985D+01
  8.00000000D-02  7.47869775D-03  4.99042923D+00 -2.38541161D-01  8.58854872D-01  8.45013307D-01  1.35509645D+01
  8.10000000D-02  7.57218148D-03  4.99018922D+00 -2.41485983D-01  8.58801998D-01  8.44615002D-01  1.35498164D+01
  8.20000000D-02  7.66566520D-03  4.98994626D+00 -2.44429439D-01  8.58748475D-01  8.44211893D-01  1.35486543D+01
  8.30000000D-02  7.75914892D-03  4.98970036D+00 -2.47371512D-01  8.58694301D-01  8.43803986D-01  1.35474782D+01
  8.40000000D-02  7.85263264D-03  4.98945152D+00 -2.50312188D-01  8.58639478D-01  8.43391285D-01  1.35462881D+01
  8.50000000D-02  7.94611636D-03  4.98919974D+00 -2.53251448D-01  8.58584006D-01  8.42973797D-01  1.35450840D+01
  8.60000000D-02  8.03960009D-03  4.98894502D+00 -2.56189279D-01  8.58527884D-01  8.42551527D-01  1.35438659D+01
  8.70000000D-02  8.13308381D-03  4.98868736D+00 -2.59125662D-01  8.58471113D-01  8.42124480D-01  1.35426338D+01
  8.80000000D-02  8.22656753D-03  4.98842676D+00 -2.62060583D-01  8.58413694D-01  8.41692662D-01  1.35413878D+01
  8.90000000D-02  8.32005125D-03  4.98816324D+00 -2.64994025D-01  8.58355627D-01  8.41256079D-01  1.35401278D+01
  9.00000000D-02  8.41353497D-03  4.98789678D+00 -2.67925972D-01  8.58296911D-01  8.40814736D-01  1.35388538D+01
  9.10000000D-02  8.50701870D-03  4.98762739D+00 -2.70856408D-01  8.58237547D-01  8.40368638D-01  1.35375659D+01
  9.20000000D-02  8.60050242D-03  4.98735506D+00 -2.73785317D-01  8.58177536D-01  8.39917793D-01  1.35362641D+01
  9.30000000D-02  8.69398614D-03  4.98707982D+00 -2.76712684D-01  8.58116878D-01  8.39462206D-01  1.35349484D+01
  9.40000000D-02  8.78746986D-03  4.98680164D+00 -2.79638491D-01  8.58055573D-01  8.39001882D-01  1.35336188D+01
  9.50000000D-02  8.88095358D-03  4.98652054D+00 -2.82562725D-01  8.57993620D-01  8.38536827D-01  1.35322752D+01
  9.60000000D-02  8.97443730D-03  4.98623651D+00 -2.85485367D-01  8.57931022D-01  8.38067049D-01  1.35309178D+01
  9.70000000D-02  9.06792103D-03  4.98594957D+00 -2.88406404D-01  8.57867777D-01  8.37592552D-01  1.35295465D+01
  9.80000000D-02  9.16140475D-03  4.98565970D+00 -2.91325818D-01  8.57803886D-01  8.37113343D-01  1.35281613D+01
  9.90000000D-02  9.25488847D-03  4.98536692D+00 -2.94243594D-01  8.57739350D-01  8.36629428D-01  1.35267623D+01
  1.00000000D-01  9.34837219D-03  4.98507122D+00 -2.97159717D-01  8.57674168D-01  8.36140814D-01  1.35253494D+01
  1.10000000D-01  1.02832094D-02  4.98195414D+00 -3.26226545D-01  8.56986929D-01  8.30997623D-01  1.35104614D+01
  1.20000000D-01  1.12180466D-02  4.97854729D+00 -3.55110891D-01  8.56235504D-01  8.25391820D-01  1.34942011D+01
  1.30000000D-01  1.21528839D-02  4.97485258D+00 -3.83797501D-01  8.55420238D-01  8.19330623D-01  1.34765806D+01
  1.40000000D-01  1.30877211D-02  4.97087205D+00 -4.12271455D-01  8.54541499D-01  8.12821792D-01  1.34576130D+01
  1.50000000D-01  1.40225583D-02  4.96660791D+00 -4.40518190D-01  8.53599683D-01  8.05873605D-01  1.34373124D+01
  1.60000000D-01  1.49573955D-02  4.96206249D+00 -4.68523522D-01  8.52595217D-01  7.98494842D-01  1.34156937D+01
  1.70000000D-01  1.58922327D-02  4.95723829D+00 -4.96273666D-01  8.51528551D-01  7.90694756D-01  1.33927728D+01
  1.80000000D-01  1.68270699D-02  4.95213792D+00 -5.23755251D-01  8.50400161D-01  7.82483055D-01  1.33685662D+01
  1.90000000D-01  1.77619072D-02  4.94676412D+00 -5.50955342D-01  8.49210551D-01  7.73869873D-01  1.33430914D+01
  2.00000000D-01  1.86967444D-02  4.94111979D+00 -5.77861455D-01  8.47960249D-01  7.64865749D-01  1.33163668D+01
  2.10000000D-01  1.96315816D-02  4.93520791D+00 -6.04461567D-01  8.46649807D-01  7.55481598D-01  1.32884112D+01
  2.20000000D-01  2.05664188D-02  4.92903162D+00 -6.30744135D-01  8.45279801D-01  7.45728684D-01  1.32592443D+01
  2.30000000D-01  2.15012560D-02  4.92259413D+00 -6.56698102D-01  8.43850830D-01  7.35618596D-01  1.32288866D+01
  2.40000000D-01  2.24360933D-02  4.91589878D+00 -6.82312914D-01  8.42363518D-01  7.25163220D-01  1.31973589D+01
  2.50000000D-01  2.33709305D-02  4.90894903D+00 -7.07578520D-01  8.40818508D-01  7.14374709D-01  1.31646829D+01
  2.60000000D-01  2.43057677D-02  4.90174841D+00 -7.32485385D-01  8.39216465D-01  7.03265458D-01  1.31308808D+01
  2.70000000D-01  2.52406049D-02  4.89430055D+00 -7.57024495D-01  8.37558075D-01  6.91848076D-01  1.30959752D+01
  2.80000000D-01  2.61754421D-02  4.88660917D+00 -7.81187359D-01  8.35844045D-01  6.80135359D-01  1.30599893D+01
  2.90000000D-01  2.71102794D-02  4.87867808D+00 -8.04966016D-01  8.34075100D-01  6.68140261D-01  1.30229468D+01
  3.00000000D-01  2.80451166D-02  4.87051116D+00 -8.28353030D-01  8.32251982D-01  6.55875867D-01  1.29848716D+01
  3.10000000D-01  2.89799538D-02  4.86211235D+00 -8.51341496D-01  8.30375453D-01  6.43355368D-01  1.29457882D+01
  3.20000000D-01  2.99147910D-02  4.85348568D+00 -8.73925037D-01  8.28446291D-01  6.30592035D-01  1.29057213D+01
  3.30000000D-01  3.08496282D-02  4.84463522D+00 -8.96097801D-01  8.26465290D-01  6.17599191D-01  1.28646961D+01
  3.40000000D-01  3.17844655D-02  4.83556511D+00 -9.17854458D-01  8.24433259D-01  6.04390187D-01  1.28227378D+01
  3.50000000D-01  3.27193027D-02  4.82627953D+00 -9.39190197D-01  8.22351023D-01  5.90978377D-01  1.27798719D+01
  3.60000000D-01  3.36541399D-02  4.81678272D+00 -9.60100716D-01  8.20219418D-01  5.77377095D-01  1.27361242D+01
  3.70000000D-01  3.45889771D-02  4.80707895D+00 -9.80582218D-01  8.18039297D-01  5.63599633D-01  1.26915207D+01
  3.80000000D-01  3.55238143D-02  4.79717252D+00 -1.00063141D+00  8.15811521D-01  5.49659215D-01  1.26460872D+01
  3.90000000D-01  3.64586516D-02  4.78706777D+00 -1.02024547D+00  8.13536966D-01  5.35568978D-01  1.25998500D+01
  4.00000000D-01  3.73934888D-02  4.77676907D+00 -1.03942207D+00  8.11216515D-01  5.21341954D-01  1.25528353D+01
  4.10000000D-01  3.83283260D-02  4.76628080D+00 -1.05815936D+00  8.08851064D-01  5.06991046D-01  1.25050691D+01
  4.20000000D-01  3.92631632D-02  4.75560735D+00 -1.07645592D+00  8.06441516D-01  4.92529010D-01  1.24565777D+01
  4.30000000D-01  4.01980004D-02  4.74475315D+00 -1.09431080D+00  8.03988784D-01  4.77968442D-01  1.24073872D+01
  4.40000000D-01  4.11328376D-02  4.73372261D+00 -1.11172347D+00  8.01493786D-01  4.63321755D-01  1.23575238D+01
  4.50000000D-01  4.20676749D-02  4.72252015D+00 -1.12869383D+00  7.98957449D-01  4.48601169D-01  1.23070134D+01
  4.60000000D-01  4.30025121D-02  4.71115021D+00 -1.14522218D+00  7.96380704D-01  4.33818693D-01  1.22558819D+01
  4.70000000D-01  4.39373493D-02  4.69961718D+00 -1.16130922D+00  7.93764489D-01  4.18986110D-01  1.22041550D+01
  4.80000000D-01  4.48721865D-02  4.68792549D+00 -1.17695603D+00  7.91109745D-01  4.04114971D-01  1.21518583D+01
  4.90000000D-01  4.58070237D-02  4.67607952D+00 -1.19216406D+00  7.88417416D-01  3.89216577D-01  1.20990172D+01
  5.00000000D-01  4.67418610D-02  4.66408366D+00 -1.20693511D+00  7.85688452D-01  3.74301971D-01  1.20456567D+01
  5.10000000D-01  4.76766982D-02  4.65194227D+00 -1.22127130D+00  7.82923801D-01  3.59381928D-01  1.19918018D+01
  5.20000000D-01  4.86115354D-02  4.63965968D+00 -1.23517510D+00  7.80124416D-01  3.44466947D-01  1.19374772D+01
  5.30000000D-01  4.95463726D-02  4.62724020D+00 -1.24864928D+00  7.77291249D-01  3.29567244D-01  1.18827072D+01
  5.40000000D-01  5.04812098D-02  4.61468812D+00 -1.26169689D+00  7.74425253D-01  3.14692744D-01  1.18275159D+01
  5.50000000D-01  5.14160471D-02  4.60200767D+00 -1.27432127D+00  7.71527379D-01  2.99853074D-01  1.17719270D+01
  5.60000000D-01  5.23508843D-02  4.58920309D+00 -1.28652602D+00  7.68598578D-01  2.85057563D-01  1.17159641D+01
  5.70000000D-01  5.32857215D-02  4.57627854D+00 -1.29831500D+00  7.65639800D-01  2.70315233D-01  1.16596502D+01
  5.80000000D-01  5.42205587D-02  4.56323816D+00 -1.30969228D+00  7.62651990D-01  2.55634798D-01  1.16030080D+01
  5.90000000D-01  5.51553959D-02  4.55008605D+00 -1.32066217D+00  7.59636092D-01  2.41024661D-01  1.15460600D+01
  6.00000000D-01  5.60902332D-02  4.53682626D+00 -1.33122918D+00  7.56593046D-01  2.26492914D-01  1.14888280D+01
  6.10000000D-01  5.70250704D-02  4.52346280D+00 -1.34139802D+00  7.53523788D-01  2.12047334D-01  1.14313338D+01
  6.20000000D-01  5.79599076D-02  4.50999961D+00 -1.35117356D+00  7.50429247D-01  1.97695386D-01  1.13735986D+01
  6.30000000D-01  5.88947448D-02  4.49644062D+00 -1.36056085D+00  7.47310351D-01  1.83444222D-01  1.13156431D+01
  6.40000000D-01  5.98295820D-02  4.48278967D+00 -1.36956510D+00  7.44168018D-01  1.69300681D-01  1.12574878D+01
  6.50000000D-01  6.07644193D-02  4.46905058D+00 -1.37819163D+00  7.41003163D-01  1.55271293D-01  1.11991526D+01
  6.60000000D-01  6.16992565D-02  4.45522708D+00 -1.38644592D+00  7.37816691D-01  1.41362280D-01  1.11406570D+01
  6.70000000D-01  6.26340937D-02  4.44132288D+00 -1.39433355D+00  7.34609503D-01  1.27579559D-01  1.10820203D+01
  6.80000000D-01  6.35689309D-02  4.42734161D+00 -1.40186019D+00  7.31382491D-01  1.13928743D-01  1.10232611D+01
  6.90000000D-01  6.45037681D-02  4.41328686D+00 -1.40903163D+00  7.28136538D-01  1.00415149D-01  1.09643976D+01
  7.00000000D-01  6.54386053D-02  4.39916214D+00 -1.41585372D+00  7.24872520D-01  8.70437998D-02  1.09054477D+01
  7.10000000D-01  6.63734426D-02  4.38497093D+00 -1.42233239D+00  7.21591304D-01  7.38194262D-02  1.08464287D+01
  7.20000000D-01  6.73082798D-02  4.37071662D+00 -1.42847363D+00  7.18293747D-01  6.07464759D-02  1.07873577D+01
  7.30000000D-01  6.82431170D-02  4.35640256D+00 -1.43428347D+00  7.14980697D-01  4.78291161D-02  1.07282509D+01
  7.40000000D-01  6.91779542D-02  4.34203204D+00 -1.43976799D+00  7.11652992D-01  3.50712398D-02  1.06691247D+01
  7.50000000D-01  7.01127914D-02  4.32760827D+00 -1.44493331D+00  7.08311460D-01  2.24764709D-02  1.06099945D+01
  7.60000000D-01  7.10476287D-02  4.31313441D+00 -1.44978556D+00  7.04956919D-01  1.00481708D-02  1.05508755D+01
  7.70000000D-01  7.19824659D-02  4.29861358D+00 -1.45433090D+00  7.01590175D-01 -2.21055605D-03  1.04917825D+01
  7.80000000D-01  7.29173031D-02  4.28404880D+00 -1.45857548D+00  6.98212025D-01 -1.42968557D-02  1.04327298D+01
  7.90000000D-01  7.38521403D-02  4.26944305D+00 -1.46252546D+00  6.94823253D-01 -2.62081183D-02  1.03737313D+01
  8.00000000D-01  7.47869775D-02  4.25479925D+00 -1.46618700D+00  6.91424633D-01 -3.79419714D-02  1.03148005D+01
  8.10000000D-01  7.57218148D-02  4.24012025D+00 -1.46956623D+00  6.88016927D-01 -4.94962736D-02  1.02559504D+01
  8.20000000D-01  7.66566520D-02  4.22540885D+00 -1.47266928D+00  6.84600883D-01 -6.08691074D-02  1.01971936D+01
  8.30000000D-01  7.75914892D-02  4.21066777D+00 -1.47550224D+00  6.81177242D-01 -7.20587728D-02  1.01385423D+01
  8.40000000D-01  7.85263264D-02  4.19589968D+00 -1.47807117D+00  6.77746728D-01 -8.30637804D-02  1.00800084D+01
  8.50000000D-01  7.94611636D-02  4.18110720D+00 -1.48038210D+00  6.74310055D-01 -9.38828441D-02  1.00216033D+01
  8.60000000D-01  8.03960009D-02  4.16629288D+00 -1.48244102D+00  6.70867925D-01 -1.04514875D-01  9.96333790D+00
  8.70000000D-01  8.13308381D-02  4.15145920D+00 -1.48425386D+00  6.67421027D-01 -1.14958974D-01  9.90522291D+00
  8.80000000D-01  8.22656753D-02  4.13660860D+00 -1.48582652D+00  6.63970038D-01 -1.25214425D-01  9.84726854D+00
  8.90000000D-01  8.32005125D-02  4.12174345D+00 -1.48716483D+00  6.60515621D-01 -1.35280687D-01  9.78948466D+00
  9.00000000D-01  8.41353497D-02  4.10686607D+00 -1.48827457D+00  6.57058427D-01 -1.45157392D-01  9.73188074D+00
  9.10000000D-01  8.50701870D-02  4.09197870D+00 -1.48916146D+00  6.53599096D-01 -1.54844331D-01  9.67446592D+00
  9.20000000D-01  8.60050242D-02  4.07708356D+00 -1.48983115D+00  6.50138254D-01 -1.64341454D-01  9.61724896D+00
  9.30000000D-01  8.69398614D-02  4.06218279D+00 -1.49028923D+00  6.46676512D-01 -1.73648859D-01  9.56023827D+00
  9.40000000D-01  8.78746986D-02  4.04727847D+00 -1.49054121D+00  6.43214473D-01 -1.82766788D-01  9.50344193D+00
  9.50000000D-01  8.88095358D-02  4.03237263D+00 -1.49059253D+00  6.39752722D-01 -1.91695620D-01  9.44686766D+00
  9.60000000D-01  8.97443730D-02  4.01746727D+00 -1.49044857D+00  6.36291836D-01 -2.00435865D-01  9.39052287D+00
  9.70000000D-01  9.06792103D-02  4.00256429D+00 -1.49011462D+00  6.32832376D-01 -2.08988157D-01  9.33441465D+00
  9.80000000D-01  9.16140475D-02  3.98766559D+00 -1.48959590D+00  6.29374891D-01 -2.17353250D-01  9.27854974D+00
  9.90000000D-01  9.25488847D-02  3.97277297D+00 -1.48889754D+00  6.25919919D-01 -2.25532009D-01  9.22293462D+00
  1.00000000D+00  9.34837219D-02  3.95788822D+00 -1.48802459D+00  6.22467983D-01 -2.33525408D-01  9.16757543D+00
  1.11250000D+00  1.04000641D-01  3.79146286D+00 -1.46762273D+00  5.83989000D-01 -3.11073074D-01  8.56399032D+00
  1.22500000D+00  1.14517559D-01  3.62824252D+00 -1.43199214D+00  5.46566376D-01 -3.67574561D-01  7.99931327D+00
  1.33750000D+00  1.25034478D-01  3.46964563D+00 -1.38616147D+00  5.10644881D-01 -4.05935382D-01  7.47630811D+00
  1.45000000D+00  1.35551397D-01  3.31659343D+00 -1.33397119D+00  4.76516973D-01 -4.29257697D-01  6.99538726D+00
  1.56250000D+00  1.46068316D-01  3.16963277D+00 -1.27827055D+00  4.44352065D-01 -4.40504278D-01  6.55542873D+00
  1.67500000D+00  1.56585234D-01  3.02903613D+00 -1.22112126D+00  4.14224487D-01 -4.42324149D-01  6.15438036D+00
  1.78750000D+00  1.67102153D-01  2.89487964D+00 -1.16397954D+00  3.86138106D-01 -4.36984183D-01  5.78968653D+00
  1.90000000D+00  1.77619072D-01  2.76710248D+00 -1.10784674D+00  3.60046811D-01 -4.26364077D-01  5.45857748D+00
  2.01250000D+00  1.88135990D-01  2.64555103D+00 -1.05338845D+00  3.35870829D-01 -4.11985379D-01  5.15825758D+00
  2.11250000D+00  1.97484363D-01  2.54255973D+00 -1.00673162D+00  3.15907739D-01 -3.97031513D-01  4.91496434D+00
  2.21250000D+00  2.06832735D-01  2.44414343D+00 -9.61910549D-01  2.97299548D-01 -3.80736379D-01  4.69206298D+00
  2.31250000D+00  2.16181107D-01  2.35011313D+00 -9.19022223D-01  2.79963925D-01 -3.63631054D-01  4.48787685D+00
  2.42500000D+00  2.26698026D-01  2.24932805D+00 -8.73129120D-01  2.61879192D-01 -3.43932469D-01  4.27861503D+00
  2.55000000D+00  2.38383491D-01  2.14322352D+00 -8.25050039D-01  2.43409991D-01 -3.21998559D-01  4.06915155D+00
  2.67500000D+00  2.50068956D-01  2.04294082D+00 -7.79962939D-01  2.26504149D-01 -3.00441391D-01  3.88157545D+00
  2.80000000D+00  2.61754421D-01  1.94811304D+00 -7.37748788D-01  2.11018611D-01 -2.79566152D-01  3.71370911D+00
  2.92500000D+00  2.73439887D-01  1.85838990D+00 -6.98263433D-01  1.96820881D-01 -2.59573182D-01  3.56363797D+00
  3.05000000D+00  2.85125352D-01  1.77344001D+00 -6.61350072D-01  1.83789436D-01 -2.40585010D-01  3.42968483D+00
  3.17500000D+00  2.96810817D-01  1.69295193D+00 -6.26847637D-01  1.71813606D-01 -2.22667141D-01  3.31038468D+00
  3.30000000D+00  3.08496282D-01  1.61663431D+00 -5.94596321D-01  1.60793120D-01 -2.05843893D-01  3.20446118D+00
  3.42500000D+00  3.20181748D-01  1.54421552D+00 -5.64441118D-01  1.50637459D-01 -1.90110356D-01  3.11080521D+00
  3.55000000D+00  3.31867213D-01  1.47544288D+00 -5.36233984D-01  1.41265119D-01 -1.75441371D-01  3.02845581D+00
  3.70000000D+00  3.45889771D-01  1.39739939D+00 -5.04760563D-01  1.30949666D-01 -1.59188619D-01  2.94340143D+00
  3.85000000D+00  3.59912329D-01  1.32389577D+00 -4.75666418D-01  1.21544540D-01 -1.44329978D-01  2.87222591D+00
  4.00000000D+00  3.73934888D-01  1.25459086D+00 -4.48744940D-01  1.12950883D-01 -1.30773490D-01  2.81392685D+00
  4.10000000D+00  3.83283260D-01  1.21056522D+00 -4.31910433D-01  1.07629264D-01 -1.22412173D-01  2.78180437D+00
  4.20000000D+00  3.92631632D-01  1.16818112D+00 -4.15905678D-01  1.02606411D-01 -1.14558962D-01  2.75483848D+00
  4.30000000D+00  4.01980004D-01  1.12735804D+00 -4.00682216D-01  9.78611442D-02 -1.07186103D-01  2.73285947D+00
  4.40000000D+00  4.11328376D-01  1.08802015D+00 -3.86194637D-01  9.33740092D-02 -1.00266577D-01  2.71572613D+00
  4.50000000D+00  4.20676749D-01  1.05009601D+00 -3.72400409D-01  8.91271316D-02 -9.37742853D-02  2.70332425D+00
  4.60000000D+00  4.30025121D-01  1.01351829D+00 -3.59259713D-01  8.51040757D-02 -8.76841657D-02  2.69556530D+00
  4.70000000D+00  4.39373493D-01  9.78223524D-01 -3.46735275D-01  8.12897185D-02 -8.19722714D-02  2.69238541D+00
  4.80000000D+00  4.48721865D-01  9.44151855D-01 -3.34792209D-01  7.76701349D-02 -7.66158111D-02  2.69374469D+00
  4.90000000D+00  4.58070237D-01  9.11246794D-01 -3.23397861D-01  7.42324925D-02 -7.15931643D-02  2.69962667D+00
  5.00000000D+00  4.67418610D-01  8.79455013D-01 -3.12521662D-01  7.09649566D-02 -6.68838753D-02  2.71003811D+00
  5.10000000D+00  4.76766982D-01  8.48726146D-01 -3.02134991D-01  6.78566039D-02 -6.24686335D-02  2.72500900D+00
  5.20000000D+00  4.86115354D-01  8.19012593D-01 -2.92211040D-01  6.48973432D-02 -5.83292415D-02  2.74459279D+00
  5.30000000D+00  4.95463726D-01  7.90269353D-01 -2.82724695D-01  6.20778451D-02 -5.44485774D-02  2.76886692D+00
  5.40000000D+00  5.04812098D-01  7.62453853D-01 -2.73652421D-01  5.93894761D-02 -5.08105501D-02  2.79793360D+00
  5.50000000D+00  5.14160471D-01  7.35525803D-01 -2.64972147D-01  5.68242406D-02 -4.74000531D-02  2.83192083D+00
  5.60000000D+00  5.23508843D-01  7.09447049D-01 -2.56663176D-01  5.43747268D-02 -4.42029151D-02  2.87098379D+00
  5.70000000D+00  5.32857215D-01  6.84181440D-01 -2.48706081D-01  5.20340587D-02 -4.12058514D-02  2.91530653D+00
  5.80000000D+00  5.42205587D-01  6.59694712D-01 -2.41082628D-01  4.97958515D-02 -3.83964144D-02  2.96510397D+00
  5.90000000D+00  5.51553959D-01  6.35954366D-01 -2.33775685D-01  4.76541716D-02 -3.57629456D-02  3.02062443D+00
  6.00000000D+00  5.60902332D-01  6.12929563D-01 -2.26769154D-01  4.56035000D-02 -3.32945290D-02  3.08215247D+00
  6.10000000D+00  5.70250704D-01  5.90591027D-01 -2.20047899D-01  4.36386991D-02 -3.09809459D-02  3.15001239D+00
  6.20000000D+00  5.79599076D-01  5.68910949D-01 -2.13597681D-01  4.17549821D-02 -2.88126316D-02  3.22457222D+00
  6.30000000D+00  5.88947448D-01  5.47862904D-01 -2.07405097D-01  3.99478857D-02 -2.67806345D-02  3.30624847D+00
  6.40000000D+00  5.98295820D-01  5.27421764D-01 -2.01457527D-01  3.82132449D-02 -2.48765765D-02  3.39551169D+00
  6.50000000D+00  6.07644193D-01  5.07563628D-01 -1.95743078D-01  3.65471694D-02 -2.30926166D-02  3.49289289D+00
  6.60000000D+00  6.16992565D-01  4.88265752D-01 -1.90250541D-01  3.49460232D-02 -2.14214155D-02  3.59899120D+00
  6.70000000D+00  6.26340937D-01  4.69506476D-01 -1.84969342D-01  3.34064051D-02 -1.98561032D-02  3.71448272D+00
  6.80000000D+00  6.35689309D-01  4.51265172D-01 -1.79889503D-01  3.19251308D-02 -1.83902479D-02  3.84013104D+00
  6.90000000D+00  6.45037681D-01  4.33522178D-01 -1.75001603D-01  3.04992173D-02 -1.70178271D-02  3.97679958D+00
  7.00000000D+00  6.54386053D-01  4.16258750D-01 -1.70296744D-01  2.91258678D-02 -1.57332007D-02  4.12546619D+00
  7.10000000D+00  6.63734426D-01  3.99457009D-01 -1.65766514D-01  2.78024582D-02 -1.45310852D-02  4.28724049D+00
  7.20000000D+00  6.73082798D-01  3.83099892D-01 -1.61402960D-01  2.65265247D-02 -1.34065309D-02  4.46338453D+00
  7.30000000D+00  6.82431170D-01  3.67171112D-01 -1.57198556D-01  2.52957523D-02 -1.23548990D-02  4.65533749D+00
  7.40000000D+00  6.91779542D-01  3.51655114D-01 -1.53146181D-01  2.41079643D-02 -1.13718413D-02  4.86474538D+00
  7.50000000D+00  7.01127914D-01  3.36537034D-01 -1.49239089D-01  2.29611126D-02 -1.04532811D-02  5.09349692D+00
  7.60000000D+00  7.10476287D-01  3.21802667D-01 -1.45470889D-01  2.18532690D-02 -9.59539504D-03  5.34376706D+00
  7.70000000D+00  7.19824659D-01  3.07438429D-01 -1.41835522D-01  2.07826166D-02 -8.79459657D-03  5.61807020D+00
  7.80000000D+00  7.29173031D-01  2.93431326D-01 -1.38327243D-01  1.97474429D-02 -8.04752032D-03  5.91932548D+00
  7.90000000D+00  7.38521403D-01  2.79768926D-01 -1.34940601D-01  1.87461319D-02 -7.35100762D-03  6.25093764D+00
  8.00000000D+00  7.47869775D-01  2.66439324D-01 -1.31670419D-01  1.77771585D-02 -6.70209299D-03  6.61689760D+00
  8.10000000D+00  7.57218148D-01  2.53431124D-01 -1.28511783D-01  1.68390820D-02 -6.09799158D-03  7.02190877D+00
  8.20000000D+00  7.66566520D-01  2.40733406D-01 -1.25460023D-01  1.59305408D-02 -5.53608743D-03  7.47154672D+00
  8.30000000D+00  7.75914892D-01  2.28335705D-01 -1.22510699D-01  1.50502473D-02 -5.01392258D-03  7.97246305D+00
  8.40000000D+00  7.85263264D-01  2.16227992D-01 -1.19659591D-01  1.41969832D-02 -4.52918689D-03  8.53264786D+00
  8.50000000D+00  7.94611636D-01  2.04400647D-01 -1.16902680D-01  1.33695949D-02 -4.07970860D-03  9.16177136D+00
  8.60000000D+00  8.03960009D-01  1.92844444D-01 -1.14236145D-01  1.25669898D-02 -3.66344546D-03  9.87163327D+00
  8.70000000D+00  8.13308381D-01  1.81550527D-01 -1.11656344D-01  1.17881322D-02 -3.27847653D-03  1.06767613D+01
  8.80000000D+00  8.22656753D-01  1.70510400D-01 -1.09159809D-01  1.10320399D-02 -2.92299453D-03  1.15952186D+01
  8.90000000D+00  8.32005125D-01  1.59715900D-01 -1.06743234D-01  1.02977811D-02 -2.59529865D-03  1.26497089D+01
  9.00000000D+00  8.41353497D-01  1.49159193D-01 -1.04403468D-01  9.58447102D-03 -2.29378794D-03  1.38691135D+01
  9.10000000D+00  8.50701870D-01  1.38832747D-01 -1.02137505D-01  8.89126949D-03 -2.01695504D-03  1.52906671D+01
  9.20000000D+00  8.60050242D-01  1.28729327D-01 -9.99424748D-02  8.21737806D-03 -1.76338043D-03  1.69630983D+01
  9.30000000D+00  8.69398614D-01  1.18841979D-01 -9.78156393D-02  7.56203762D-03 -1.53172698D-03  1.89512648D+01
  9.40000000D+00  8.78746986D-01  1.09164014D-01 -9.57543824D-02  6.92452615D-03 -1.32073494D-03  2.13431651D+01
  9.50000000D+00  8.88095358D-01  9.96889999D-02 -9.37562048D-02  6.30415654D-03 -1.12921720D-03  2.42608533D+01
  9.60000000D+00  8.97443730D-01  9.04107499D-02 -9.18187174D-02  5.70027465D-03 -9.56054880D-04  2.78779903D+01
  9.70000000D+00  9.06792103D-01  8.13233097D-02 -8.99396352D-02  5.11225742D-03 -8.00193264D-04  3.24491583D+01
  9.80000000D+00  9.16140475D-01  7.24209489D-02 -8.81167725D-02  4.53951115D-03 -6.60637919D-04  3.83610634D+01
  9.90000000D+00  9.25488847D-01  6.36981511D-02 -8.63480371D-02  3.98146990D-03 -5.36451132D-04  4.62268769D+01
  1.00000000D+01  9.34837219D-01  5.51496042D-02 -8.46314252D-02  3.43759392D-03 -4.26748556D-04  5.70717885D+01
  1.01078125D+01  9.44915933D-01  4.61225291D-02 -8.28368894D-02  2.86650480D-03 -3.23743592D-04  7.42406837D+01
  1.02156250D+01  9.54994647D-01  3.72858856D-02 -8.10984073D-02  2.31066779D-03 -2.35621832D-04  1.01703953D+02
  1.03234375D+01  9.65073361D-01  2.86337499D-02 -7.94137777D-02  1.76949802D-03 -1.61459470D-04  1.50633867D+02
  1.04312500D+01  9.75152074D-01  2.01604303D-02 -7.77808942D-02  1.24243885D-03 -1.00389017D-04  2.54482980D+02
  1.05390625D+01  9.85230788D-01  1.18604575D-02 -7.61977391D-02  7.28960311D-04 -5.15959166D-05  5.64052938D+02
  1.06468750D+01  9.95309502D-01  3.72857531D-03 -7.46623769D-02  2.28557625D-04 -1.43155160D-05  3.21521569D+03
  1.06540625D+01  9.95981416D-01  3.19230150D-03 -7.45616727D-02  1.95650454D-04 -1.22216797D-05  4.06141751D+03
  1.06612500D+01  9.96653330D-01  2.65675077D-03 -7.44611721D-02  1.62799114D-04 -1.01756147D-05  5.35381530D+03
  1.06684375D+01  9.97325245D-01  2.12192166D-03 -7.43608745D-02  1.30003465D-04 -8.17712773D-06  7.50779070D+03
  1.06756250D+01  9.97997159D-01  1.58781272D-03 -7.42607794D-02  9.72633719D-05 -6.22604237D-06  1.16119233D+04
  1.06828125D+01  9.98669073D-01  1.05442248D-03 -7.41608863D-02  6.45786939D-05 -4.32224207D-06  2.14874145D+04
  1.06900000D+01  9.99340987D-01  5.21749493D-04 -7.40611946D-02  3.19492948D-05 -2.46595055D-06  6.18226733D+04
  1.06907187D+01  9.99408179D-01  4.68521588D-04 -7.40512365D-02  2.86893903D-05 -2.28300001D-06  7.26563950D+04
  1.06914375D+01  9.99475370D-01  4.15300840D-04 -7.40412804D-02  2.54300356D-05 -2.10056380D-06  8.70605987D+04
  1.06921563D+01  9.99542562D-01  3.62087247D-04 -7.40313263D-02  2.21712398D-05 -1.91866574D-06  1.06928006D+05
  1.06928750D+01  9.99609753D-01  3.08880808D-04 -7.40213742D-02  1.89129825D-05 -1.73734865D-06  1.35666993D+05
  1.06935938D+01  9.99676944D-01  2.55681521D-04 -7.40114241D-02  1.56552865D-05 -1.55665610D-06  1.79998559D+05
  1.06943125D+01  9.99744136D-01  2.02489385D-04 -7.40014760D-02  1.23981378D-05 -1.37675145D-06  2.54942056D+05
  1.06950313D+01  9.99811327D-01  1.49304399D-04 -7.39915300D-02  9.14154528D-06 -1.19792687D-06  4.00863683D+05
  1.06957500D+01  9.99878519D-01  9.61265602D-05 -7.39815859D-02  5.88549707D-06 -1.02127958D-06  7.64706381D+05
  1.06964688D+01  9.99945710D-01  4.29558684D-05 -7.39716438D-02  2.63002770D-06 -8.53070399D-07  2.32189616D+06
  1.06965406D+01  9.99952429D-01  3.76391922D-05 -7.39706498D-02  2.30445871D-06 -8.38081824D-07  2.73428186D+06
  1.06966125D+01  9.99959148D-01  3.23225875D-05 -7.39696557D-02  1.97891722D-06 -8.23977908D-07  3.26505547D+06
  1.06966844D+01  9.99965868D-01  2.70060542D-05 -7.39686616D-02  1.65343466D-06 -8.11393286D-07  3.95133717D+06
  1.06967563D+01  9.99972587D-01  2.16895924D-05 -7.39676676D-02  1.32789500D-06 -8.01446578D-07  4.82350647D+06
  1.06968281D+01  9.99979306D-01  1.63732020D-05 -7.39666736D-02  1.00245118D-06 -7.96571385D-07  5.84523703D+06
  1.06969000D+01  9.99986025D-01  1.10568831D-05 -7.39656796D-02  6.76938429D-07 -8.04448600D-07  6.71297012D+06
  1.06969719D+01  9.99992744D-01  5.74063558D-06 -7.39646856D-02  3.51259169D-07 -8.59590984D-07  6.39362506D+06
  1.06970438D+01  9.99999463D-01  4.24459520D-07 -7.39636916D-02  2.46785385D-08 -2.74700549D-06  1.97205640D+06
  1.06970445D+01  9.99999531D-01  3.71298120D-07 -7.39636817D-02  2.38917677D-08 -3.04003799D-06  1.84477133D+06
  1.06970452D+01  9.99999598D-01  3.18136728D-07 -7.39636718D-02  2.17407700D-08 -3.43098675D-06  1.70787955D+06
  1.06970459D+01  9.99999665D-01  2.64975342D-07 -7.39636618D-02  5.75684962D-09 -3.98788992D-06  1.55888941D+06
  1.06970466D+01  9.99999732D-01  2.11813964D-07 -7.39636519D-02  1.19431176D-08 -4.81293497D-06  1.39393470D+06
  1.06970473D+01  9.99999799D-01  1.58652593D-07 -7.39636419D-02  2.37130788D-08 -6.17638735D-06  1.20650809D+06
  1.06970481D+01  9.99999866D-01  1.05491229D-07 -7.39636320D-02  5.53347628D-09 -8.96475391D-06  9.83894294D+05
  1.06970488D+01  9.99999934D-01  5.23298717D-08 -7.39636221D-02 -3.33440180D-08 -1.74184668D-05  6.93011660D+05
  1.06970489D+01  9.99999940D-01  4.70137364D-08 -7.39636211D-02  3.72644399D-08 -1.91863511D-05  6.56871134D+05
  1.06970489D+01  9.99999947D-01  4.16976012D-08 -7.39636201D-02  5.02501317D-08 -2.16188545D-05  6.18624095D+05
  1.06970490D+01  9.99999954D-01  3.63814660D-08 -7.39636191D-02  1.41757694D-08 -2.46871585D-05  5.77846939D+05
  1.06970491D+01  9.99999961D-01  3.10653310D-08 -7.39636181D-02 -8.21736617D-08 -2.87984302D-05  5.33966042D+05
  1.06970491D+01  9.99999967D-01  2.57491959D-08 -7.39636171D-02 -8.90793386D-08 -3.45329469D-05  4.86137664D+05
  1.06970492D+01  9.99999974D-01  2.04330610D-08 -7.39636161D-02  3.18935380D-08 -4.33796990D-05  4.33058168D+05
  1.06970493D+01  9.99999981D-01  1.51169261D-08 -7.39636151D-02  1.29185692D-07 -5.80461970D-05  3.72490538D+05
  1.06970494D+01  9.99999987D-01  9.80079132D-09 -7.39636141D-02  5.70321567D-08 -8.98564306D-05  2.99927829D+05
  1.06970494D+01  9.99999994D-01  4.48465660D-09 -7.39636131D-02 -5.30900282D-07 -1.96495008D-04  2.02887334D+05
  1.06970494D+01  9.99999995D-01  3.68723639D-09 -7.39636130D-02  3.21519901D-07 -2.35554892D-04  1.83967924D+05
  1.06970494D+01  9.99999996D-01  2.88981619D-09 -7.39636128D-02 -1.20755866D-07 -2.91081603D-04  1.62864601D+05
  1.06970495D+01  9.99999997D-01  2.35820272D-09 -7.39636127D-02  6.82006801D-07 -3.74002836D-04  1.47123543D+05
  1.06970495D+01  9.99999998D-01  1.82658925D-09 -7.39636126D-02 -1.69905723D-06 -5.54781318D-04  1.29482848D+05
  1.06970495D+01  9.99999998D-01  1.29497579D-09 -7.39636125D-02  3.72610103D-07 -6.59276177D-04  1.09024436D+05
  1.06970495D+01  9.99999999D-01  7.63362319D-10 -7.39636124D-02  4.50447117D-06 -1.01078781D-03  8.37066192D+04
  1.06970495D+01  1.00000000D+00  2.31748854D-10 -7.39636123D-02 -8.36745362D-07 -2.44268525D-03  4.61213475D+04
  1.06970495D+01  1.00000000D+00 -2.99864611D-10 -7.39636122D-02             NaN             NaN             NaN
