  0.00000000D+00  0.00000000D+00  5.00000000D+00  2.84500261D+03  0.00000000D+00  1.09370529D+02  2.95437314D+03
  1.00000000D-05  9.34837219D-07  5.00000000D+00  2.84500261D+03 -6.48477228D-07  1.09370529D+02  2.95437314D+03
  1.10000000D-05  1.02832094D-06  5.00000000D+00  2.84500261D+03 -7.84657446D-07  1.09370529D+02  2.95437314D+03
  1.20000000D-05  1.12180466D-06  5.00000000D+00  2.84500261D+03 -9.33807208D-07  1.09370529D+02  2.95437314D+03
  1.30000000D-05  1.21528839D-06  5.00000000D+00  2.84500261D+03 -1.09592652D-06  1.09370529D+02  2.95437314D+03
  1.40000000D-05  1.30877211D-06  5.00000000D+00  2.84500261D+03 -1.27101537D-06  1.09370529D+02  2.95437314D+03
  1.50000000D-05  1.40225583D-06  5.00000000D+00  2.84500261D+03 -1.45907376D-06  1.09370529D+02  2.95437314D+03
  1.60000000D-05  1.49573955D-06  5.00000000D+00  2.84500261D+03 -1.66010170D-06  1.09370529D+02  2.95437314D+03
  1.70000000D-05  1.58922327D-06  5.00000000D+00  2.84500261D+03 -1.87409919D-06  1.09370529D+02  2.95437314D+03
  1.80000000D-05  1.68270699D-06  5.00000000D+00  2.84500261D+03 -2.10106622D-06  1.09370529D+02  2.95437314D+03
  1.90000000D-05  1.77619072D-06  5.00000000D+00  2.84500261D+03 -2.34100279D-06  1.09370529D+02  2.95437314D+03
  2.00000000D-05  1.86967444D-06  5.00000000D+00  2.84500261D+03 -2.59390891D-06  1.09370529D+02  2.95437313D+03
  2.10000000D-05  1.96315816D-06  5.00000000D+00  2.84500261D+03 -2.85978457D-06  1.09370529D+02  2.95437313D+03
  2.20000000D-05  2.05664188D-06  5.00000000D+00  2.84500261D+03 -3.13862978D-06  1.09370529D+02  2.95437313D+03
  2.30000000D-05  2.15012560D-06  5.00000000D+00  2.84500261D+03 -3.43044453D-06  1.09370529D+02  2.95437313D+03
  2.40000000D-05  2.24360933D-06  5.00000000D+00  2.84500261D+03 -3.73522883D-06  1.09370529D+02  2.95437313D+03
  2.50000000D-05  2.33709305D-06  5.00000000D+00  2.84500261D+03 -4.05298267D-06  1.09370529D+02  2.95437313D+03
  2.60000000D-05  2.43057677D-06  5.00000000D+00  2.84500261D+03 -4.38370606D-06  1.09370529D+02  2.95437313D+03
  2.70000000D-05  2.52406049D-06  5.00000000D+00  2.84500261D+03 -4.72739899D-06  1.09370529D+02  2.95437313D+03
  2.80000000D-05  2.61754421D-06  5.00000000D+00  2.84500261D+03 -5.08406146D-06  1.09370529D+02  2.95437313D+03
  2.90000000D-05  2.71102794D-06  5.00000000D+00  2.84500261D+03 -5.45369348D-06  1.09370529D+02  2.95437313D+03
  3.00000000D-05  2.80451166D-06  5.00000000D+00  2.84500261D+03 -5.83629504D-06  1.09370529D+02  2.95437313D+03
  3.10000000D-05  2.89799538D-06  5.00000000D+00  2.84500261D+03 -6.23186615D-06  1.09370529D+02  2.95437313D+03
  3.20000000D-05  2.99147910D-06  5.00000000D+00  2.84500261D+03 -6.64040680D-06  1.09370529D+02  2.95437313D+03
  3.30000000D-05  3.08496282D-06  5.00000000D+00  2.84500261D+03 -7.06191700D-06  1.09370529D+02  2.95437313D+03
  3.40000000D-05  3.17844655D-06  5.00000000D+00  2.84500261D+03 -7.49639674D-06  1.09370529D+02  2.95437313D+03
  3.50000000D-05  3.27193027D-06  5.00000000D+00  2.84500260D+03 -7.94384602D-06  1.09370529D+02  2.95437313D+03
  3.60000000D-05  3.36541399D-06  5.00000000D+00  2.84500260D+03 -8.40426485D-06  1.09370529D+02  2.95437312D+03
  3.70000000D-05  3.45889771D-06  5.00000000D+00  2.84500260D+03 -8.87765322D-06  1.09370529D+02  2.95437312D+03
  3.80000000D-05  3.55238143D-06  5.00000000D+00  2.84500260D+03 -9.36401114D-06  1.09370529D+02  2.95437312D+03
  3.90000000D-05  3.64586516D-06  5.00000000D+00  2.84500260D+03 -9.86333860D-06  1.09370529D+02  2.95437312D+03
  4.00000000D-05  3.73934888D-06  5.00000000D+00  2.84500260D+03 -1.03756356D-05  1.09370529D+02  2.95437312D+03
  4.10000000D-05  3.83283260D-06  5.00000000D+00  2.84500260D+03 -1.09009022D-05  1.09370529D+02  2.95437312D+03
  4.20000000D-05  3.92631632D-06  5.00000000D+00  2.84500260D+03 -1.14391383D-05  1.09370529D+02  2.95437312D+03
  4.30000000D-05  4.01980004D-06  5.00000000D+00  2.84500260D+03 -1.19903439D-05  1.09370529D+02  2.95437312D+03
  4.40000000D-05  4.11328376D-06  5.00000000D+00  2.84500260D+03 -1.25545191D-05  1.09370529D+02  2.95437312D+03
  4.50000000D-05  4.20676749D-06  5.00000000D+00  2.84500260D+03 -1.31316638D-05  1.09370529D+02  2.95437312D+03
  4.60000000D-05  4.30025121D-06  5.00000000D+00  2.84500260D+03 -1.37217781D-05  1.09370529D+02  2.95437312D+03
  4.70000000D-05  4.39373493D-06  5.00000000D+00  2.84500260D+03 -1.43248619D-05  1.09370529D+02  2.95437311D+03
  4.80000000D-05  4.48721865D-06  5.00000000D+00  2.84500260D+03 -1.49409153D-05  1.09370529D+02  2.95437311D+03
  4.90000000D-05  4.58070237D-06  5.00000000D+00  2.84500260D+03 -1.55699382D-05  1.09370529D+02  2.95437311D+03
  5.00000000D-05  4.67418610D-06  5.00000000D+00  2.84500260D+03 -1.62119306D-05  1.09370529D+02  2.95437311D+03
  5.10000000D-05  4.76766982D-06  5.00000000D+00  2.84500260D+03 -1.68668926D-05  1.09370529D+02  2.95437311D+03
  5.20000000D-05  4.86115354D-06  5.00000000D+00  2.84500260D+03 -1.75348241D-05  1.09370529D+02  2.95437311D+03
  5.30000000D-05  4.95463726D-06  5.00000000D+00  2.84500260D+03 -1.82157252D-05  1.09370529D+02  2.95437311D+03
  5.40000000D-05  5.04812098D-06  5.00000000D+00  2.84500260D+03 -1.89095958D-05  1.09370529D+02  2.95437311D+03
  5.50000000D-05  5.14160471D-06  5.00000000D+00  2.84500260D+03 -1.96164360D-05  1.09370528D+02  2.95437310D+03
  5.60000000D-05  5.23508843D-06  5.00000000D+00  2.84500260D+03 -2.03362457D-05  1.09370528D+02  2.95437310D+03
  5.70000000D-05  5.32857215D-06  5.00000000D+00  2.84500259D+03 -2.10690250D-05  1.09370528D+02  2.95437310D+03
  5.80000000D-05  5.42205587D-06  4.99999999D+00  2.84500259D+03 -2.18147738D-05  1.09370528D+02  2.95437310D+03
  5.90000000D-05  5.51553959D-06  4.99999999D+00  2.84500259D+03 -2.25734921D-05  1.09370528D+02  2.95437310D+03
  6.00000000D-05  5.60902332D-06  4.99999999D+00  2.84500259D+03 -2.33451800D-05  1.09370528D+02  2.95437310D+03
  6.10000000D-05  5.70250704D-06  4.99999999D+00  2.84500259D+03 -2.41298374D-05  1.09370528D+02  2.95437310D+03
  6.20000000D-05  5.79599076D-06  4.99999999D+00  2.84500259D+03 -2.49274644D-05  1.09370528D+02  2.95437310D+03
  6.30000000D-05  5.88947448D-06  4.99999999D+00  2.84500259D+03 -2.57380609D-05  1.09370528D+02  2.95437309D+03
  6.40000000D-05  5.98295820D-06  4.99999999D+00  2.84500259D+03 -2.65616270D-05  1.09370528D+02  2.95437309D+03
  6.50000000D-05  6.07644193D-06  4.99999999D+00  2.84500259D+03 -2.73981626D-05  1.09370528D+02  2.95437309D+03
  6.60000000D-05  6.16992565D-06  4.99999999D+00  2.84500259D+03 -2.82476678D-05  1.09370528D+02  2.95437309D+03
  6.70000000D-05  6.26340937D-06  4.99999999D+00  2.84500259D+03 -2.91101424D-05  1.09370528D+02  2.95437309D+03
  6.80000000D-05  6.35689309D-06  4.99999999D+00  2.84500259D+03 -2.99855867D-05  1.09370528D+02  2.95437309D+03
  6.90000000D-05  6.45037681D-06  4.99999999D+00  2.84500259D+03 -3.08740005D-05  1.09370528D+02  2.95437309D+03
  7.00000000D-05  6.54386053D-06  4.99999999D+00  2.84500259D+03 -3.17753838D-05  1.09370528D+02  2.95437308D+03
  7.10000000D-05  6.63734426D-06  4.99999999D+00  2.84500259D+03 -3.26897367D-05  1.09370528D+02  2.95437308D+03
  7.20000000D-05  6.73082798D-06  4.99999999D+00  2.84500259D+03 -3.36170591D-05  1.09370528D+02  2.95437308D+03
  7.30000000D-05  6.82431170D-06  4.99999999D+00  2.84500258D+03 -3.45573510D-05  1.09370528D+02  2.95437308D+03
  7.40000000D-05  6.91779542D-06  4.99999999D+00  2.84500258D+03 -3.55106125D-05  1.09370528D+02  2.95437308D+03
  7.50000000D-05  7.01127914D-06  4.99999999D+00  2.84500258D+03 -3.64768436D-05  1.09370528D+02  2.95437308D+03
  7.60000000D-05  7.10476287D-06  4.99999999D+00  2.84500258D+03 -3.74560442D-05  1.09370528D+02  2.95437307D+03
  7.70000000D-05  7.19824659D-06  4.99999999D+00  2.84500258D+03 -3.84482143D-05  1.09370528D+02  2.95437307D+03
  7.80000000D-05  7.29173031D-06  4.99999999D+00  2.84500258D+03 -3.94533540D-05  1.09370528D+02  2.95437307D+03
  7.90000000D-05  7.38521403D-06  4.99999999D+00  2.84500258D+03 -4.04714632D-05  1.09370528D+02  2.95437307D+03
  8.00000000D-05  7.47869775D-06  4.99999999D+00  2.84500258D+03 -4.15025419D-05  1.09370528D+02  2.95437307D+03
  8.10000000D-05  7.57218148D-06  4.99999999D+00  2.84500258D+03 -4.25465902D-05  1.09370528D+02  2.95437306D+03
  8.20000000D-05  7.66566520D-06  4.99999999D+00  2.84500258D+03 -4.36036081D-05  1.09370528D+02  2.95437306D+03
  8.30000000D-05  7.75914892D-06  4.99999999D+00  2.84500258D+03 -4.46735955D-05  1.09370528D+02  2.95437306D+03
  8.40000000D-05  7.85263264D-06  4.99999999D+00  2.84500258D+03 -4.57565524D-05  1.09370528D+02  2.95437306D+03
  8.50000000D-05  7.94611636D-06  4.99999999D+00  2.84500258D+03 -4.68524789D-05  1.09370528D+02  2.95437306D+03
  8.60000000D-05  8.03960009D-06  4.99999999D+00  2.84500257D+03 -4.79613749D-05  1.09370528D+02  2.95437306D+03
  8.70000000D-05  8.13308381D-06  4.99999999D+00  2.84500257D+03 -4.90832405D-05  1.09370528D+02  2.95437305D+03
  8.80000000D-05  8.22656753D-06  4.99999999D+00  2.84500257D+03 -5.02180756D-05  1.09370528D+02  2.95437305D+03
  8.90000000D-05  8.32005125D-06  4.99999999D+00  2.84500257D+03 -5.13658802D-05  1.09370528D+02  2.95437305D+03
  9.00000000D-05  8.41353497D-06  4.99999999D+00  2.84500257D+03 -5.25266544D-05  1.09370528D+02  2.95437305D+03
  9.10000000D-05  8.50701870D-06  4.99999999D+00  2.84500257D+03 -5.37003981D-05  1.09370528D+02  2.95437304D+03
  9.20000000D-05  8.60050242D-06  4.99999999D+00  2.84500257D+03 -5.48871114D-05  1.09370528D+02  2.95437304D+03
  9.30000000D-05  8.69398614D-06  4.99999999D+00  2.84500257D+03 -5.60867942D-05  1.09370528D+02  2.95437304D+03
  9.40000000D-05  8.78746986D-06  4.99999999D+00  2.84500257D+03 -5.72994466D-05  1.09370528D+02  2.95437304D+03
  9.50000000D-05  8.88095358D-06  4.99999999D+00  2.84500257D+03 -5.85250685D-05  1.09370528D+02  2.95437304D+03
  9.60000000D-05  8.97443730D-06  4.99999999D+00  2.84500257D+03 -5.97636600D-05  1.09370528D+02  2.95437303D+03
  9.70000000D-05  9.06792103D-06  4.99999999D+00  2.84500256D+03 -6.10152209D-05  1.09370528D+02  2.95437303D+03
  9.80000000D-05  9.16140475D-06  4.99999999D+00  2.84500256D+03 -6.22797515D-05  1.09370528D+02  2.95437303D+03
  9.90000000D-05  9.25488847D-06  4.99999999D+00  2.84500256D+03 -6.35572516D-05  1.09370528D+02  2.95437303D+03
  1.00000000D-04  9.34837219D-06  4.99999999D+00  2.84500256D+03 -6.48477212D-05  1.09370528D+02  2.95437303D+03
  1.10000000D-04  1.02832094D-05  4.99999998D+00  2.84500255D+03 -7.84657422D-05  1.09370528D+02  2.95437300D+03
  1.20000000D-04  1.12180466D-05  4.99999998D+00  2.84500254D+03 -9.33807174D-05  1.09370528D+02  2.95437298D+03
  1.30000000D-04  1.21528839D-05  4.99999997D+00  2.84500253D+03 -1.09592647D-04  1.09370528D+02  2.95437295D+03
  1.40000000D-04  1.30877211D-05  4.99999997D+00  2.84500252D+03 -1.27101530D-04  1.09370528D+02  2.95437292D+03
  1.50000000D-04  1.40225583D-05  4.99999997D+00  2.84500250D+03 -1.45907368D-04  1.09370527D+02  2.95437288D+03
  1.60000000D-04  1.49573955D-05  4.99999996D+00  2.84500249D+03 -1.66010160D-04  1.09370527D+02  2.95437285D+03
  1.70000000D-04  1.58922327D-05  4.99999996D+00  2.84500247D+03 -1.87409905D-04  1.09370527D+02  2.95437281D+03
  1.80000000D-04  1.68270699D-05  4.99999995D+00  2.84500245D+03 -2.10106605D-04  1.09370527D+02  2.95437277D+03
  1.90000000D-04  1.77619072D-05  4.99999995D+00  2.84500244D+03 -2.34100258D-04  1.09370527D+02  2.95437273D+03
  2.00000000D-04  1.86967444D-05  4.99999994D+00  2.84500242D+03 -2.59390865D-04  1.09370526D+02  2.95437268D+03
  2.10000000D-04  1.96315816D-05  4.99999993D+00  2.84500240D+03 -2.85978426D-04  1.09370526D+02  2.95437264D+03
  2.20000000D-04  2.05664188D-05  4.99999993D+00  2.84500238D+03 -3.13862940D-04  1.09370526D+02  2.95437259D+03
  2.30000000D-04  2.15012560D-05  4.99999992D+00  2.84500235D+03 -3.43044408D-04  1.09370526D+02  2.95437254D+03
  2.40000000D-04  2.24360933D-05  4.99999991D+00  2.84500233D+03 -3.73522829D-04  1.09370525D+02  2.95437248D+03
  2.50000000D-04  2.33709305D-05  4.99999991D+00  2.84500231D+03 -4.05298203D-04  1.09370525D+02  2.95437243D+03
  2.60000000D-04  2.43057677D-05  4.99999990D+00  2.84500228D+03 -4.38370531D-04  1.09370525D+02  2.95437237D+03
  2.70000000D-04  2.52406049D-05  4.99999989D+00  2.84500226D+03 -4.72739812D-04  1.09370525D+02  2.95437231D+03
  2.80000000D-04  2.61754421D-05  4.99999988D+00  2.84500223D+03 -5.08406045D-04  1.09370524D+02  2.95437225D+03
  2.90000000D-04  2.71102794D-05  4.99999987D+00  2.84500220D+03 -5.45369232D-04  1.09370524D+02  2.95437218D+03
  3.00000000D-04  2.80451166D-05  4.99999987D+00  2.84500217D+03 -5.83629372D-04  1.09370524D+02  2.95437211D+03
  3.10000000D-04  2.89799538D-05  4.99999986D+00  2.84500214D+03 -6.23186464D-04  1.09370523D+02  2.95437204D+03
  3.20000000D-04  2.99147910D-05  4.99999985D+00  2.84500211D+03 -6.64040509D-04  1.09370523D+02  2.95437197D+03
  3.30000000D-04  3.08496282D-05  4.99999984D+00  2.84500208D+03 -7.06191506D-04  1.09370523D+02  2.95437190D+03
  3.40000000D-04  3.17844655D-05  4.99999983D+00  2.84500205D+03 -7.49639455D-04  1.09370522D+02  2.95437182D+03
  3.50000000D-04  3.27193027D-05  4.99999982D+00  2.84500201D+03 -7.94384357D-04  1.09370522D+02  2.95437174D+03
  3.60000000D-04  3.36541399D-05  4.99999981D+00  2.84500198D+03 -8.40426210D-04  1.09370522D+02  2.95437166D+03
  3.70000000D-04  3.45889771D-05  4.99999979D+00  2.84500194D+03 -8.87765016D-04  1.09370521D+02  2.95437158D+03
  3.80000000D-04  3.55238143D-05  4.99999978D+00  2.84500191D+03 -9.36400773D-04  1.09370521D+02  2.95437149D+03
  3.90000000D-04  3.64586516D-05  4.99999977D+00  2.84500187D+03 -9.86333482D-04  1.09370520D+02  2.95437140D+03
  4.00000000D-04  3.73934888D-05  4.99999976D+00  2.84500183D+03 -1.03756314D-03  1.09370520D+02  2.95437131D+03
  4.10000000D-04  3.83283260D-05  4.99999975D+00  2.84500179D+03 -1.09008975D-03  1.09370519D+02  2.95437122D+03
  4.20000000D-04  3.92631632D-05  4.99999974D+00  2.84500175D+03 -1.14391332D-03  1.09370519D+02  2.95437113D+03
  4.30000000D-04  4.01980004D-05  4.99999972D+00  2.84500171D+03 -1.19903383D-03  1.09370518D+02  2.95437103D+03
  4.40000000D-04  4.11328376D-05  4.99999971D+00  2.84500167D+03 -1.25545129D-03  1.09370518D+02  2.95437093D+03
  4.50000000D-04  4.20676749D-05  4.99999970D+00  2.84500163D+03 -1.31316571D-03  1.09370517D+02  2.95437083D+03
  4.60000000D-04  4.30025121D-05  4.99999968D+00  2.84500158D+03 -1.37217708D-03  1.09370517D+02  2.95437073D+03
  4.70000000D-04  4.39373493D-05  4.99999967D+00  2.84500154D+03 -1.43248539D-03  1.09370516D+02  2.95437062D+03
  4.80000000D-04  4.48721865D-05  4.99999965D+00  2.84500149D+03 -1.49409066D-03  1.09370516D+02  2.95437051D+03
  4.90000000D-04  4.58070237D-05  4.99999964D+00  2.84500144D+03 -1.55699287D-03  1.09370515D+02  2.95437040D+03
  5.00000000D-04  4.67418610D-05  4.99999963D+00  2.84500139D+03 -1.62119204D-03  1.09370515D+02  2.95437029D+03
  5.10000000D-04  4.76766982D-05  4.99999961D+00  2.84500135D+03 -1.68668815D-03  1.09370514D+02  2.95437017D+03
  5.20000000D-04  4.86115354D-05  4.99999959D+00  2.84500130D+03 -1.75348122D-03  1.09370514D+02  2.95437006D+03
  5.30000000D-04  4.95463726D-05  4.99999958D+00  2.84500124D+03 -1.82157123D-03  1.09370513D+02  2.95436994D+03
  5.40000000D-04  5.04812098D-05  4.99999956D+00  2.84500119D+03 -1.89095819D-03  1.09370513D+02  2.95436981D+03
  5.50000000D-04  5.14160471D-05  4.99999955D+00  2.84500114D+03 -1.96164210D-03  1.09370512D+02  2.95436969D+03
  5.60000000D-04  5.23508843D-05  4.99999953D+00  2.84500109D+03 -2.03362296D-03  1.09370511D+02  2.95436956D+03
  5.70000000D-04  5.32857215D-05  4.99999951D+00  2.84500103D+03 -2.10690077D-03  1.09370511D+02  2.95436943D+03
  5.80000000D-04  5.42205587D-05  4.99999950D+00  2.84500097D+03 -2.18147553D-03  1.09370510D+02  2.95436930D+03
  5.90000000D-04  5.51553959D-05  4.99999948D+00  2.84500092D+03 -2.25734723D-03  1.09370509D+02  2.95436917D+03
  6.00000000D-04  5.60902332D-05  4.99999946D+00  2.84500086D+03 -2.33451588D-03  1.09370509D+02  2.95436903D+03
  6.10000000D-04  5.70250704D-05  4.99999944D+00  2.84500080D+03 -2.41298148D-03  1.09370508D+02  2.95436890D+03
  6.20000000D-04  5.79599076D-05  4.99999942D+00  2.84500074D+03 -2.49274402D-03  1.09370507D+02  2.95436876D+03
  6.30000000D-04  5.88947448D-05  4.99999940D+00  2.84500068D+03 -2.57380352D-03  1.09370507D+02  2.95436861D+03
  6.40000000D-04  5.98295820D-05  4.99999939D+00  2.84500062D+03 -2.65615996D-03  1.09370506D+02  2.95436847D+03
  6.50000000D-04  6.07644193D-05  4.99999937D+00  2.84500056D+03 -2.73981334D-03  1.09370505D+02  2.95436832D+03
  6.60000000D-04  6.16992565D-05  4.99999935D+00  2.84500049D+03 -2.82476367D-03  1.09370505D+02  2.95436817D+03
  6.70000000D-04  6.26340937D-05  4.99999933D+00  2.84500043D+03 -2.91101095D-03  1.09370504D+02  2.95436802D+03
  6.80000000D-04  6.35689309D-05  4.99999931D+00  2.84500036D+03 -2.99855517D-03  1.09370503D+02  2.95436787D+03
  6.90000000D-04  6.45037681D-05  4.99999929D+00  2.84500030D+03 -3.08739634D-03  1.09370502D+02  2.95436771D+03
  7.00000000D-04  6.54386053D-05  4.99999927D+00  2.84500023D+03 -3.17753445D-03  1.09370502D+02  2.95436755D+03
  7.10000000D-04  6.63734426D-05  4.99999924D+00  2.84500016D+03 -3.26896951D-03  1.09370501D+02  2.95436739D+03
  7.20000000D-04  6.73082798D-05  4.99999922D+00  2.84500009D+03 -3.36170151D-03  1.09370500D+02  2.95436723D+03
  7.30000000D-04  6.82431170D-05  4.99999920D+00  2.84500002D+03 -3.45573046D-03  1.09370499D+02  2.95436706D+03
  7.40000000D-04  6.91779542D-05  4.99999918D+00  2.84499995D+03 -3.55105635D-03  1.09370498D+02  2.95436689D+03
  7.50000000D-04  7.01127914D-05  4.99999916D+00  2.84499987D+03 -3.64767918D-03  1.09370498D+02  2.95436672D+03
  7.60000000D-04  7.10476287D-05  4.99999913D+00  2.84499980D+03 -3.74559896D-03  1.09370497D+02  2.95436655D+03
  7.70000000D-04  7.19824659D-05  4.99999911D+00  2.84499973D+03 -3.84481568D-03  1.09370496D+02  2.95436638D+03
  7.80000000D-04  7.29173031D-05  4.99999909D+00  2.84499965D+03 -3.94532934D-03  1.09370495D+02  2.95436620D+03
  7.90000000D-04  7.38521403D-05  4.99999906D+00  2.84499958D+03 -4.04713995D-03  1.09370494D+02  2.95436602D+03
  8.00000000D-04  7.47869775D-05  4.99999904D+00  2.84499950D+03 -4.15024750D-03  1.09370493D+02  2.95436584D+03
  8.10000000D-04  7.57218148D-05  4.99999902D+00  2.84499942D+03 -4.25465198D-03  1.09370492D+02  2.95436566D+03
  8.20000000D-04  7.66566520D-05  4.99999899D+00  2.84499934D+03 -4.36035342D-03  1.09370492D+02  2.95436547D+03
  8.30000000D-04  7.75914892D-05  4.99999897D+00  2.84499926D+03 -4.46735179D-03  1.09370491D+02  2.95436528D+03
  8.40000000D-04  7.85263264D-05  4.99999894D+00  2.84499918D+03 -4.57564710D-03  1.09370490D+02  2.95436509D+03
  8.50000000D-04  7.94611636D-05  4.99999892D+00  2.84499910D+03 -4.68523935D-03  1.09370489D+02  2.95436490D+03
  8.60000000D-04  8.03960009D-05  4.99999889D+00  2.84499901D+03 -4.79612855D-03  1.09370488D+02  2.95436471D+03
  8.70000000D-04  8.13308381D-05  4.99999886D+00  2.84499893D+03 -4.90831468D-03  1.09370487D+02  2.95436451D+03
  8.80000000D-04  8.22656753D-05  4.99999884D+00  2.84499884D+03 -5.02179775D-03  1.09370486D+02  2.95436431D+03
  8.90000000D-04  8.32005125D-05  4.99999881D+00  2.84499876D+03 -5.13657776D-03  1.09370485D+02  2.95436411D+03
  9.00000000D-04  8.41353497D-05  4.99999879D+00  2.84499867D+03 -5.25265471D-03  1.09370484D+02  2.95436390D+03
  9.10000000D-04  8.50701870D-05  4.99999876D+00  2.84499858D+03 -5.37002860D-03  1.09370483D+02  2.95436370D+03
  9.20000000D-04  8.60050242D-05  4.99999873D+00  2.84499849D+03 -5.48869943D-03  1.09370482D+02  2.95436349D+03
  9.30000000D-04  8.69398614D-05  4.99999870D+00  2.84499840D+03 -5.60866719D-03  1.09370481D+02  2.95436328D+03
  9.40000000D-04  8.78746986D-05  4.99999867D+00  2.84499831D+03 -5.72993189D-03  1.09370480D+02  2.95436306D+03
  9.50000000D-04  8.88095358D-05  4.99999865D+00  2.84499822D+03 -5.85249353D-03  1.09370479D+02  2.95436285D+03
  9.60000000D-04  8.97443730D-05  4.99999862D+00  2.84499813D+03 -5.97635211D-03  1.09370478D+02  2.95436263D+03
  9.70000000D-04  9.06792103D-05  4.99999859D+00  2.84499803D+03 -6.10150762D-03  1.09370477D+02  2.95436241D+03
  9.80000000D-04  9.16140475D-05  4.99999856D+00  2.84499794D+03 -6.22796007D-03  1.09370476D+02  2.95436219D+03
  9.90000000D-04  9.25488847D-05  4.99999853D+00  2.84499784D+03 -6.35570945D-03  1.09370475D+02  2.95436196D+03
  1.00000000D-03  9.34837219D-05  4.99999850D+00  2.84499775D+03 -6.48475577D-03  1.09370473D+02  2.95436174D+03
  1.15000000D-03  1.07506280D-04  4.99999802D+00  2.84499618D+03 -8.57608246D-03  1.09370456D+02  2.95435806D+03
  1.30000000D-03  1.21528839D-04  4.99999747D+00  2.84499439D+03 -1.09592180D-02  1.09370435D+02  2.95435387D+03
  1.40000000D-03  1.30877211D-04  4.99999706D+00  2.84499308D+03 -1.27100902D-02  1.09370420D+02  2.95435079D+03
  1.50000000D-03  1.40225583D-04  4.99999663D+00  2.84499167D+03 -1.45906540D-02  1.09370404D+02  2.95434748D+03
  1.60000000D-03  1.49573955D-04  4.99999616D+00  2.84499016D+03 -1.66009088D-02  1.09370387D+02  2.95434395D+03
  1.70000000D-03  1.58922327D-04  4.99999567D+00  2.84498856D+03 -1.87408539D-02  1.09370369D+02  2.95434018D+03
  1.80000000D-03  1.68270699D-04  4.99999514D+00  2.84498685D+03 -2.10104888D-02  1.09370350D+02  2.95433619D+03
  1.90000000D-03  1.77619072D-04  4.99999459D+00  2.84498505D+03 -2.34098127D-02  1.09370329D+02  2.95433197D+03
  2.00000000D-03  1.86967444D-04  4.99999400D+00  2.84498316D+03 -2.59388249D-02  1.09370308D+02  2.95432753D+03
  2.10000000D-03  1.96315816D-04  4.99999339D+00  2.84498116D+03 -2.85975245D-02  1.09370285D+02  2.95432285D+03
  2.20000000D-03  2.05664188D-04  4.99999274D+00  2.84497907D+03 -3.13859109D-02  1.09370261D+02  2.95431795D+03
  2.30000000D-03  2.15012560D-04  4.99999207D+00  2.84497688D+03 -3.43039832D-02  1.09370236D+02  2.95431281D+03
  2.40000000D-03  2.24360933D-04  4.99999136D+00  2.84497460D+03 -3.73517404D-02  1.09370210D+02  2.95430746D+03
  2.50000000D-03  2.33709305D-04  4.99999063D+00  2.84497221D+03 -4.05291816D-02  1.09370183D+02  2.95430187D+03
  2.60000000D-03  2.43057677D-04  4.99998986D+00  2.84496973D+03 -4.38363058D-02  1.09370155D+02  2.95429605D+03
  2.70000000D-03  2.52406049D-04  4.99998907D+00  2.84496716D+03 -4.72731122D-02  1.09370126D+02  2.95429001D+03
  2.80000000D-03  2.61754421D-04  4.99998824D+00  2.84496448D+03 -5.08395995D-02  1.09370095D+02  2.95428374D+03
  2.90000000D-03  2.71102794D-04  4.99998739D+00  2.84496171D+03 -5.45357667D-02  1.09370064D+02  2.95427724D+03
  3.00000000D-03  2.80451166D-04  4.99998650D+00  2.84495884D+03 -5.83616127D-02  1.09370031D+02  2.95427051D+03
  3.10000000D-03  2.89799538D-04  4.99998559D+00  2.84495587D+03 -6.23171363D-02  1.09369998D+02  2.95426355D+03
  3.20000000D-03  2.99147910D-04  4.99998464D+00  2.84495281D+03 -6.64023363D-02  1.09369963D+02  2.95425637D+03
  3.30000000D-03  3.08496282D-04  4.99998367D+00  2.84494965D+03 -7.06172114D-02  1.09369927D+02  2.95424896D+03
  3.40000000D-03  3.17844655D-04  4.99998266D+00  2.84494639D+03 -7.49617604D-02  1.09369890D+02  2.95424132D+03
  3.50000000D-03  3.27193027D-04  4.99998163D+00  2.84494303D+03 -7.94359819D-02  1.09369852D+02  2.95423345D+03
  3.60000000D-03  3.36541399D-04  4.99998056D+00  2.84493958D+03 -8.40398746D-02  1.09369813D+02  2.95422535D+03
  3.70000000D-03  3.45889771D-04  4.99997947D+00  2.84493603D+03 -8.87734370D-02  1.09369772D+02  2.95421703D+03
  3.80000000D-03  3.55238143D-04  4.99997834D+00  2.84493238D+03 -9.36366678D-02  1.09369731D+02  2.95420848D+03
  3.90000000D-03  3.64586516D-04  4.99997719D+00  2.84492864D+03 -9.86295654D-02  1.09369688D+02  2.95419970D+03
  4.00000000D-03  3.73934888D-04  4.99997600D+00  2.84492480D+03 -1.03752128D-01  1.09369645D+02  2.95419069D+03
  4.10000000D-03  3.83283260D-04  4.99997479D+00  2.84492086D+03 -1.09004355D-01  1.09369600D+02  2.95418145D+03
  4.20000000D-03  3.92631632D-04  4.99997354D+00  2.84491682D+03 -1.14386244D-01  1.09369554D+02  2.95417199D+03
  4.30000000D-03  4.01980004D-04  4.99997227D+00  2.84491269D+03 -1.19897793D-01  1.09369507D+02  2.95416229D+03
  4.40000000D-03  4.11328376D-04  4.99997096D+00  2.84490845D+03 -1.25539001D-01  1.09369459D+02  2.95415237D+03
  4.50000000D-03  4.20676749D-04  4.99996963D+00  2.84490413D+03 -1.31309866D-01  1.09369410D+02  2.95414223D+03
  4.60000000D-03  4.30025121D-04  4.99996826D+00  2.84489970D+03 -1.37210386D-01  1.09369359D+02  2.95413185D+03
  4.70000000D-03  4.39373493D-04  4.99996687D+00  2.84489518D+03 -1.43240560D-01  1.09369308D+02  2.95412124D+03
  4.80000000D-03  4.48721865D-04  4.99996544D+00  2.84489056D+03 -1.49400386D-01  1.09369256D+02  2.95411041D+03
  4.90000000D-03  4.58070237D-04  4.99996399D+00  2.84488584D+03 -1.55689861D-01  1.09369202D+02  2.95409935D+03
  5.00000000D-03  4.67418610D-04  4.99996250D+00  2.84488103D+03 -1.62108984D-01  1.09369147D+02  2.95408806D+03
  5.10000000D-03  4.76766982D-04  4.99996099D+00  2.84487611D+03 -1.68657753D-01  1.09369092D+02  2.95407655D+03
  5.20000000D-03  4.86115354D-04  4.99995944D+00  2.84487110D+03 -1.75336166D-01  1.09369035D+02  2.95406480D+03
  5.30000000D-03  4.95463726D-04  4.99995787D+00  2.84486600D+03 -1.82144221D-01  1.09368977D+02  2.95405283D+03
  5.40000000D-03  5.04812098D-04  4.99995626D+00  2.84486079D+03 -1.89081916D-01  1.09368917D+02  2.95404063D+03
  5.50000000D-03  5.14160471D-04  4.99995463D+00  2.84485549D+03 -1.96149248D-01  1.09368857D+02  2.95402820D+03
  5.60000000D-03  5.23508843D-04  4.99995296D+00  2.84485009D+03 -2.03346216D-01  1.09368796D+02  2.95401554D+03
  5.70000000D-03  5.32857215D-04  4.99995127D+00  2.84484460D+03 -2.10672817D-01  1.09368733D+02  2.95400266D+03
  5.80000000D-03  5.42205587D-04  4.99994954D+00  2.84483901D+03 -2.18129049D-01  1.09368670D+02  2.95398955D+03
  5.90000000D-03  5.51553959D-04  4.99994779D+00  2.84483332D+03 -2.25714910D-01  1.09368605D+02  2.95397621D+03
  6.00000000D-03  5.60902332D-04  4.99994600D+00  2.84482753D+03 -2.33430397D-01  1.09368540D+02  2.95396264D+03
  6.10000000D-03  5.70250704D-04  4.99994419D+00  2.84482165D+03 -2.41275509D-01  1.09368473D+02  2.95394884D+03
  6.20000000D-03  5.79599076D-04  4.99994234D+00  2.84481566D+03 -2.49250242D-01  1.09368405D+02  2.95393482D+03
  6.30000000D-03  5.88947448D-04  4.99994047D+00  2.84480959D+03 -2.57354594D-01  1.09368336D+02  2.95392057D+03
  6.40000000D-03  5.98295820D-04  4.99993856D+00  2.84480341D+03 -2.65588563D-01  1.09368265D+02  2.95390609D+03
  6.50000000D-03  6.07644193D-04  4.99993663D+00  2.84479714D+03 -2.73952147D-01  1.09368194D+02  2.95389138D+03
  6.60000000D-03  6.16992565D-04  4.99993466D+00  2.84479076D+03 -2.82445342D-01  1.09368122D+02  2.95387644D+03
  6.70000000D-03  6.26340937D-04  4.99993267D+00  2.84478430D+03 -2.91068146D-01  1.09368048D+02  2.95386128D+03
  6.80000000D-03  6.35689309D-04  4.99993064D+00  2.84477773D+03 -2.99820557D-01  1.09367974D+02  2.95384589D+03
  6.90000000D-03  6.45037681D-04  4.99992859D+00  2.84477107D+03 -3.08702572D-01  1.09367898D+02  2.95383027D+03
  7.00000000D-03  6.54386053D-04  4.99992650D+00  2.84476431D+03 -3.17714187D-01  1.09367821D+02  2.95381442D+03
  7.10000000D-03  6.63734426D-04  4.99992439D+00  2.84475745D+03 -3.26855401D-01  1.09367743D+02  2.95379834D+03
  7.20000000D-03  6.73082798D-04  4.99992224D+00  2.84475050D+03 -3.36126211D-01  1.09367664D+02  2.95378204D+03
  7.30000000D-03  6.82431170D-04  4.99992007D+00  2.84474345D+03 -3.45526613D-01  1.09367584D+02  2.95376551D+03
  7.40000000D-03  6.91779542D-04  4.99991786D+00  2.84473630D+03 -3.55056605D-01  1.09367503D+02  2.95374875D+03
  7.50000000D-03  7.01127914D-04  4.99991563D+00  2.84472905D+03 -3.64716185D-01  1.09367421D+02  2.95373176D+03
  7.60000000D-03  7.10476287D-04  4.99991336D+00  2.84472171D+03 -3.74505348D-01  1.09367337D+02  2.95371454D+03
  7.70000000D-03  7.19824659D-04  4.99991107D+00  2.84471427D+03 -3.84424092D-01  1.09367253D+02  2.95369710D+03
  7.80000000D-03  7.29173031D-04  4.99990874D+00  2.84470673D+03 -3.94472414D-01  1.09367167D+02  2.95367943D+03
  7.90000000D-03  7.38521403D-04  4.99990639D+00  2.84469910D+03 -4.04650310D-01  1.09367080D+02  2.95366153D+03
  8.00000000D-03  7.47869775D-04  4.99990400D+00  2.84469137D+03 -4.14957779D-01  1.09366992D+02  2.95364340D+03
  8.10000000D-03  7.57218148D-04  4.99990159D+00  2.84468354D+03 -4.25394816D-01  1.09366904D+02  2.95362505D+03
  8.20000000D-03  7.66566520D-04  4.99989914D+00  2.84467561D+03 -4.35961419D-01  1.09366813D+02  2.95360646D+03
  8.30000000D-03  7.75914892D-04  4.99989667D+00  2.84466759D+03 -4.46657584D-01  1.09366722D+02  2.95358765D+03
  8.40000000D-03  7.85263264D-04  4.99989416D+00  2.84465947D+03 -4.57483308D-01  1.09366630D+02  2.95356861D+03
  8.50000000D-03  7.94611636D-04  4.99989163D+00  2.84465125D+03 -4.68438587D-01  1.09366537D+02  2.95354935D+03
  8.60000000D-03  8.03960009D-04  4.99988906D+00  2.84464293D+03 -4.79523419D-01  1.09366442D+02  2.95352985D+03
  8.70000000D-03  8.13308381D-04  4.99988647D+00  2.84463452D+03 -4.90737800D-01  1.09366347D+02  2.95351013D+03
  8.80000000D-03  8.22656753D-04  4.99988384D+00  2.84462601D+03 -5.02081726D-01  1.09366250D+02  2.95349018D+03
  8.90000000D-03  8.32005125D-04  4.99988119D+00  2.84461741D+03 -5.13555194D-01  1.09366152D+02  2.95347000D+03
  9.00000000D-03  8.41353497D-04  4.99987850D+00  2.84460870D+03 -5.25158201D-01  1.09366053D+02  2.95344960D+03
  9.10000000D-03  8.50701870D-04  4.99987579D+00  2.84459990D+03 -5.36890742D-01  1.09365953D+02  2.95342896D+03
  9.20000000D-03  8.60050242D-04  4.99987305D+00  2.84459100D+03 -5.48752815D-01  1.09365852D+02  2.95340810D+03
  9.30000000D-03  8.69398614D-04  4.99987027D+00  2.84458201D+03 -5.60744416D-01  1.09365750D+02  2.95338701D+03
  9.40000000D-03  8.78746986D-04  4.99986747D+00  2.84457291D+03 -5.72865541D-01  1.09365647D+02  2.95336569D+03
  9.50000000D-03  8.88095358D-04  4.99986463D+00  2.84456372D+03 -5.85116186D-01  1.09365542D+02  2.95334415D+03
  9.60000000D-03  8.97443730D-04  4.99986177D+00  2.84455444D+03 -5.97496348D-01  1.09365437D+02  2.95332238D+03
  9.70000000D-03  9.06792103D-04  4.99985887D+00  2.84454505D+03 -6.10006022D-01  1.09365330D+02  2.95330038D+03
  9.80000000D-03  9.16140475D-04  4.99985595D+00  2.84453557D+03 -6.22645206D-01  1.09365222D+02  2.95327815D+03
  9.90000000D-03  9.25488847D-04  4.99985299D+00  2.84452599D+03 -6.35413895D-01  1.09365113D+02  2.95325569D+03
  1.00000000D-02  9.34837219D-04  4.99985001D+00  2.84451631D+03 -6.48312085D-01  1.09365003D+02  2.95323301D+03
  1.10000000D-02  1.02832094D-03  4.99981851D+00  2.84441421D+03 -7.84415668D-01  1.09363843D+02  2.95299364D+03
  1.20000000D-02  1.12180466D-03  4.99978401D+00  2.84430238D+03 -9.33464793D-01  1.09362573D+02  2.95273149D+03
  1.30000000D-02  1.21528839D-03  4.99974652D+00  2.84418084D+03 -1.09545490D+00  1.09361191D+02  2.95244658D+03
  1.40000000D-02  1.30877211D-03  4.99970603D+00  2.84404959D+03 -1.27038106D+00  1.09359700D+02  2.95213891D+03
  1.50000000D-02  1.40225583D-03  4.99966254D+00  2.84390862D+03 -1.45823790D+00  1.09358098D+02  2.95180848D+03
  1.60000000D-02  1.49573955D-03  4.99961605D+00  2.84375794D+03 -1.65901971D+00  1.09356385D+02  2.95145531D+03
  1.70000000D-02  1.58922327D-03  4.99956656D+00  2.84359755D+03 -1.87272034D+00  1.09354563D+02  2.95107940D+03
  1.80000000D-02  1.68270699D-03  4.99951408D+00  2.84342746D+03 -2.09933327D+00  1.09352629D+02  2.95068076D+03
  1.90000000D-02  1.77619072D-03  4.99945859D+00  2.84324767D+03 -2.33885158D+00  1.09350586D+02  2.95025940D+03
  2.00000000D-02  1.86967444D-03  4.99940011D+00  2.84305817D+03 -2.59126797D+00  1.09348432D+02  2.94981533D+03
  2.10000000D-02  1.96315816D-03  4.99933864D+00  2.84285898D+03 -2.85657471D+00  1.09346167D+02  2.94934857D+03
  2.20000000D-02  2.05664188D-03  4.99927417D+00  2.84265009D+03 -3.13476373D+00  1.09343793D+02  2.94885912D+03
  2.30000000D-02  2.15012560D-03  4.99920670D+00  2.84243151D+03 -3.42582652D+00  1.09341308D+02  2.94834699D+03
  2.40000000D-02  2.24360933D-03  4.99913624D+00  2.84220324D+03 -3.72975421D+00  1.09338712D+02  2.94781220D+03
  2.50000000D-02  2.33709305D-03  4.99906278D+00  2.84196529D+03 -4.04653752D+00  1.09336007D+02  2.94725476D+03
  2.60000000D-02  2.43057677D-03  4.99898633D+00  2.84171766D+03 -4.37616680D+00  1.09333191D+02  2.94667468D+03
  2.70000000D-02  2.52406049D-03  4.99890688D+00  2.84146035D+03 -4.71863199D+00  1.09330264D+02  2.94607198D+03
  2.80000000D-02  2.61754421D-03  4.99882444D+00  2.84119337D+03 -5.07392264D+00  1.09327228D+02  2.94544667D+03
  2.90000000D-02  2.71102794D-03  4.99873901D+00  2.84091672D+03 -5.44202793D+00  1.09324081D+02  2.94479877D+03
  3.00000000D-02  2.80451166D-03  4.99865058D+00  2.84063040D+03 -5.82293664D+00  1.09320825D+02  2.94412829D+03
  3.10000000D-02  2.89799538D-03  4.99855916D+00  2.84033443D+03 -6.21663716D+00  1.09317458D+02  2.94343525D+03
  3.20000000D-02  2.99147910D-03  4.99846475D+00  2.84002879D+03 -6.62311749D+00  1.09313980D+02  2.94271966D+03
  3.30000000D-02  3.08496282D-03  4.99836735D+00  2.83971351D+03 -7.04236526D+00  1.09310393D+02  2.94198154D+03
  3.40000000D-02  3.17844655D-03  4.99826696D+00  2.83938858D+03 -7.47436769D+00  1.09306696D+02  2.94122091D+03
  3.50000000D-02  3.27193027D-03  4.99816357D+00  2.83905401D+03 -7.91911163D+00  1.09302888D+02  2.94043778D+03
  3.60000000D-02  3.36541399D-03  4.99805720D+00  2.83870980D+03 -8.37658354D+00  1.09298971D+02  2.93963219D+03
  3.70000000D-02  3.45889771D-03  4.99794784D+00  2.83835596D+03 -8.84676951D+00  1.09294943D+02  2.93880414D+03
  3.80000000D-02  3.55238143D-03  4.99783549D+00  2.83799250D+03 -9.32965522D+00  1.09290806D+02  2.93795365D+03
  3.90000000D-02  3.64586516D-03  4.99772016D+00  2.83761941D+03 -9.82522599D+00  1.09286558D+02  2.93708074D+03
  4.00000000D-02  3.73934888D-03  4.99760183D+00  2.83723671D+03 -1.03334667D+01  1.09282201D+02  2.93618545D+03
  4.10000000D-02  3.83283260D-03  4.99748052D+00  2.83684440D+03 -1.08543620D+01  1.09277734D+02  2.93526777D+03
  4.20000000D-02  3.92631632D-03  4.99735623D+00  2.83644249D+03 -1.13878960D+01  1.09273156D+02  2.93432775D+03
  4.30000000D-02  4.01980004D-03  4.99722895D+00  2.83603098D+03 -1.19340525D+01  1.09268469D+02  2.93336540D+03
  4.40000000D-02  4.11328376D-03  4.99709868D+00  2.83560989D+03 -1.24928149D+01  1.09263672D+02  2.93238074D+03
  4.50000000D-02  4.20676749D-03  4.99696543D+00  2.83517920D+03 -1.30641663D+01  1.09258766D+02  2.93137380D+03
  4.60000000D-02  4.30025121D-03  4.99682920D+00  2.83473894D+03 -1.36480892D+01  1.09253749D+02  2.93034460D+03
  4.70000000D-02  4.39373493D-03  4.99668999D+00  2.83428911D+03 -1.42445660D+01  1.09248623D+02  2.92929317D+03
  4.80000000D-02  4.48721865D-03  4.99654780D+00  2.83382972D+03 -1.48535785D+01  1.09243387D+02  2.92821953D+03
  4.90000000D-02  4.58070237D-03  4.99640262D+00  2.83336077D+03 -1.54751084D+01  1.09238042D+02  2.92712370D+03
  5.00000000D-02  4.67418610D-03  4.99625447D+00  2.83288227D+03 -1.61091367D+01  1.09232587D+02  2.92600572D+03
  5.10000000D-02  4.76766982D-03  4.99610334D+00  2.83239422D+03 -1.67556443D+01  1.09227022D+02  2.92486560D+03
  5.20000000D-02  4.86115354D-03  4.99594923D+00  2.83189664D+03 -1.74146115D+01  1.09221348D+02  2.92370338D+03
  5.30000000D-02  4.95463726D-03  4.99579214D+00  2.83138953D+03 -1.80860185D+01  1.09215564D+02  2.92251908D+03
  5.40000000D-02  5.04812098D-03  4.99563208D+00  2.83087291D+03 -1.87698447D+01  1.09209671D+02  2.92131273D+03
  5.50000000D-02  5.14160471D-03  4.99546904D+00  2.83034677D+03 -1.94660697D+01  1.09203668D+02  2.92008437D+03
  5.60000000D-02  5.23508843D-03  4.99530303D+00  2.82981112D+03 -2.01746723D+01  1.09197557D+02  2.91883401D+03
  5.70000000D-02  5.32857215D-03  4.99513405D+00  2.82926598D+03 -2.08956310D+01  1.09191335D+02  2.91756169D+03
  5.80000000D-02  5.42205587D-03  4.99496209D+00  2.82871136D+03 -2.16289242D+01  1.09185005D+02  2.91626744D+03
  5.90000000D-02  5.51553959D-03  4.99478716D+00  2.82814725D+03 -2.23745295D+01  1.09178565D+02  2.91495129D+03
  6.00000000D-02  5.60902332D-03  4.99460926D+00  2.82757367D+03 -2.31324246D+01  1.09172016D+02  2.91361326D+03
  6.10000000D-02  5.70250704D-03  4.99442840D+00  2.82699063D+03 -2.39025864D+01  1.09165358D+02  2.91225340D+03
  6.20000000D-02  5.79599076D-03  4.99424456D+00  2.82639814D+03 -2.46849919D+01  1.09158590D+02  2.91087174D+03
  6.30000000D-02  5.88947448D-03  4.99405776D+00  2.82579620D+03 -2.54796173D+01  1.09151714D+02  2.90946830D+03
  6.40000000D-02  5.98295820D-03  4.99386799D+00  2.82518483D+03 -2.62864387D+01  1.09144728D+02  2.90804312D+03
  6.50000000D-02  6.07644193D-03  4.99367526D+00  2.82456403D+03 -2.71054318D+01  1.09137634D+02  2.90659623D+03
  6.60000000D-02  6.16992565D-03  4.99347956D+00  2.82393381D+03 -2.79365718D+01  1.09130431D+02  2.90512767D+03
  6.70000000D-02  6.26340937D-03  4.99328090D+00  2.82329418D+03 -2.87798339D+01  1.09123118D+02  2.90363747D+03
  6.80000000D-02  6.35689309D-03  4.99307928D+00  2.82264516D+03 -2.96351925D+01  1.09115697D+02  2.90212567D+03
  6.90000000D-02  6.45037681D-03  4.99287469D+00  2.82198675D+03 -3.05026220D+01  1.09108167D+02  2.90059230D+03
  7.00000000D-02  6.54386053D-03  4.99266715D+00  2.82131897D+03 -3.13820963D+01  1.09100529D+02  2.89903740D+03
  7.10000000D-02  6.63734426D-03  4.99245665D+00  2.82064181D+03 -3.22735889D+01  1.09092781D+02  2.89746100D+03
  7.20000000D-02  6.73082798D-03  4.99224319D+00  2.81995530D+03 -3.31770730D+01  1.09084925D+02  2.89586315D+03
  7.30000000D-02  6.82431170D-03  4.99202678D+00  2.81925943D+03 -3.40925215D+01  1.09076961D+02  2.89424387D+03
  7.40000000D-02  6.91779542D-03  4.99180741D+00  2.81855424D+03 -3.50199070D+01  1.09068888D+02  2.89260322D+03
  7.50000000D-02  7.01127914D-03  4.99158509D+00  2.81783971D+03 -3.59592016D+01  1.09060706D+02  2.89094122D+03
  7.60000000D-02  7.10476287D-03  4.99135982D+00  2.81711587D+03 -3.69103771D+01  1.09052417D+02  2.88925791D+03
  7.70000000D-02  7.19824659D-03  4.99113159D+00  2.81638273D+03 -3.78734050D+01  1.09044018D+02  2.88755334D+03
  7.80000000D-02  7.29173031D-03  4.99090042D+00  2.81564029D+03 -3.88482565D+01  1.09035512D+02  2.88582754D+03
  7.90000000D-02  7.38521403D-03  4.99066630D+00  2.81488857D+03 -3.98349024D+01  1.09026897D+02  2.88408056D+03
  8.00000000D-02  7.47869775D-03  4.99042923D+00  2.81412757D+03 -4.08333132D+01  1.09018174D+02  2.88231244D+03
  8.10000000D-02  7.57218148D-03  4.99018922D+00  2.81335732D+03 -4.18434589D+01  1.09009343D+02  2.88052321D+03
  8.20000000D-02  7.66566520D-03  4.98994626D+00  2.81257782D+03 -4.28653096D+01  1.09000403D+02  2.87871291D+03
  8.30000000D-02  7.75914892D-03  4.98970036D+00  2.81178908D+03 -4.38988345D+01  1.08991356D+02  2.87688160D+03
  8.40000000D-02  7.85263264D-03  4.98945152D+00  2.81099112D+03 -4.49440028D+01  1.08982201D+02  2.87502932D+03
  8.50000000D-02  7.94611636D-03  4.98919974D+00  2.81018394D+03 -4.60007834D+01  1.08972938D+02  2.87315610D+03
  8.60000000D-02  8.03960009D-03  4.98894502D+00  2.80936757D+03 -4.70691447D+01  1.08963567D+02  2.87126199D+03
  8.70000000D-02  8.13308381D-03  4.98868736D+00  2.80854200D+03 -4.81490549D+01  1.08954088D+02  2.86934703D+03
  8.80000000D-02  8.22656753D-03  4.98842676D+00  2.80770726D+03 -4.92404819D+01  1.08944502D+02  2.86741128D+03
  8.90000000D-02  8.32005125D-03  4.98816324D+00  2.80686335D+03 -5.03433931D+01  1.08934808D+02  2.86545477D+03
  9.00000000D-02  8.41353497D-03  4.98789678D+00  2.80601029D+03 -5.14577557D+01  1.08925006D+02  2.86347755D+03
  9.10000000D-02  8.50701870D-03  4.98762739D+00  2.80514810D+03 -5.25835366D+01  1.08915097D+02  2.86147966D+03
  9.20000000D-02  8.60050242D-03  4.98735506D+00  2.80427678D+03 -5.37207023D+01  1.08905081D+02  2.85946115D+03
  9.30000000D-02  8.69398614D-03  4.98707982D+00  2.80339634D+03 -5.48692191D+01  1.08894957D+02  2.85742208D+03
  9.40000000D-02  8.78746986D-03  4.98680164D+00  2.80250681D+03 -5.60290529D+01  1.08884726D+02  2.85536248D+03
  9.50000000D-02  8.88095358D-03  4.98652054D+00  2.80160818D+03 -5.72001693D+01  1.08874387D+02  2.85328240D+03
  9.60000000D-02  8.97443730D-03  4.98623651D+00  2.80070049D+03 -5.83825336D+01  1.08863942D+02  2.85118190D+03
  9.70000000D-02  9.06792103D-03  4.98594957D+00  2.79978373D+03 -5.95761108D+01  1.08853389D+02  2.84906101D+03
  9.80000000D-02  9.16140475D-03  4.98565970D+00  2.79885793D+03 -6.07808654D+01  1.08842729D+02  2.84691980D+03
  9.90000000D-02  9.25488847D-03  4.98536692D+00  2.79792310D+03 -6.19967620D+01  1.08831962D+02  2.84475830D+03
  1.00000000D-01  9.34837219D-03  4.98507122D+00  2.79697925D+03 -6.32237646D+01  1.08821089D+02  2.84257657D+03
  1.10000000D-01  1.02832094D-02  4.98195414D+00  2.78704785D+03 -7.60964970D+01  1.08706490D+02  2.81965784D+03
  1.20000000D-01  1.12180466D-02  4.97854729D+00  2.77623075D+03 -9.00380969D+01  1.08581287D+02  2.79477394D+03
  1.30000000D-01  1.21528839D-02  4.97485258D+00  2.76454380D+03 -1.05007878D+02  1.08445562D+02  2.76798149D+03
  1.40000000D-01  1.30877211D-02  4.97087205D+00  2.75200401D+03 -1.20962519D+02  1.08299404D+02  2.73934090D+03
  1.50000000D-01  1.40225583D-02  4.96660791D+00  2.73862947D+03 -1.37856267D+02  1.08142909D+02  2.70891611D+03
  1.60000000D-01  1.49573955D-02  4.96206249D+00  2.72443930D+03 -1.55641155D+02  1.07976178D+02  2.67677432D+03
  1.70000000D-01  1.58922327D-02  4.95723829D+00  2.70945361D+03 -1.74267218D+02  1.07799321D+02  2.64298571D+03
  1.80000000D-01  1.68270699D-02  4.95213792D+00  2.69369341D+03 -1.93682721D+02  1.07612449D+02  2.60762314D+03
  1.90000000D-01  1.77619072D-02  4.94676412D+00  2.67718058D+03 -2.13834389D+02  1.07415683D+02  2.57076188D+03
  2.00000000D-01  1.86967444D-02  4.94111979D+00  2.65993777D+03 -2.34667642D+02  1.07209147D+02  2.53247927D+03
  2.10000000D-01  1.96315816D-02  4.93520791D+00  2.64198834D+03 -2.56126825D+02  1.06992971D+02  2.49285449D+03
  2.20000000D-01  2.05664188D-02  4.92903162D+00  2.62335633D+03 -2.78155443D+02  1.06767290D+02  2.45196818D+03
  2.30000000D-01  2.15012560D-02  4.92259413D+00  2.60406635D+03 -3.00696395D+02  1.06532244D+02  2.40990219D+03
  2.40000000D-01  2.24360933D-02  4.91589878D+00  2.58414352D+03 -3.23692198D+02  1.06287975D+02  2.36673929D+03
  2.50000000D-01  2.33709305D-02  4.90894903D+00  2.56361341D+03 -3.47085212D+02  1.06034634D+02  2.32256284D+03
  2.60000000D-01  2.43057677D-02  4.90174841D+00  2.54250200D+03 -3.70817861D+02  1.05772372D+02  2.27745651D+03
  2.70000000D-01  2.52406049D-02  4.89430055D+00  2.52083554D+03 -3.94832838D+02  1.05501345D+02  2.23150405D+03
  2.80000000D-01  2.61754421D-02  4.88660917D+00  2.49864056D+03 -4.19073315D+02  1.05221714D+02  2.18478896D+03
  2.90000000D-01  2.71102794D-02  4.87867808D+00  2.47594375D+03 -4.43483131D+02  1.04933640D+02  2.13739426D+03
  3.00000000D-01  2.80451166D-02  4.87051116D+00  2.45277195D+03 -4.68006983D+02  1.04637292D+02  2.08940226D+03
  3.10000000D-01  2.89799538D-02  4.86211235D+00  2.42915202D+03 -4.92590594D+02  1.04332837D+02  2.04089426D+03
  3.20000000D-01  2.99147910D-02  4.85348568D+00  2.40511084D+03 -5.17180881D+02  1.04020447D+02  1.99195041D+03
  3.30000000D-01  3.08496282D-02  4.84463522D+00  2.38067523D+03 -5.41726105D+02  1.03700296D+02  1.94264942D+03
  3.40000000D-01  3.17844655D-02  4.83556511D+00  2.35587189D+03 -5.66176010D+02  1.03372560D+02  1.89306844D+03
  3.50000000D-01  3.27193027D-02  4.82627953D+00  2.33072733D+03 -5.90481955D+02  1.03037417D+02  1.84328280D+03
  3.60000000D-01  3.36541399D-02  4.81678272D+00  2.30526788D+03 -6.14597022D+02  1.02695047D+02  1.79336590D+03
  3.70000000D-01  3.45889771D-02  4.80707895D+00  2.27951954D+03 -6.38476128D+02  1.02345631D+02  1.74338905D+03
  3.80000000D-01  3.55238143D-02  4.79717252D+00  2.25350805D+03 -6.62076106D+02  1.01989350D+02  1.69342130D+03
  3.90000000D-01  3.64586516D-02  4.78706777D+00  2.22725876D+03 -6.85355791D+02  1.01626389D+02  1.64352936D+03
  4.00000000D-01  3.73934888D-02  4.77676907D+00  2.20079663D+03 -7.08276082D+02  1.01256930D+02  1.59377747D+03
  4.10000000D-01  3.83283260D-02  4.76628080D+00  2.17414615D+03 -7.30799996D+02  1.00881159D+02  1.54422732D+03
  4.20000000D-01  3.92631632D-02  4.75560735D+00  2.14733139D+03 -7.52892709D+02  1.00499259D+02  1.49493794D+03
  4.30000000D-01  4.01980004D-02  4.74475315D+00  2.12037586D+03 -7.74521592D+02  1.00111417D+02  1.44596568D+03
  4.40000000D-01  4.11328376D-02  4.73372261D+00  2.09330257D+03 -7.95656223D+02  9.97178163D+01  1.39736416D+03
  4.50000000D-01  4.20676749D-02  4.72252015D+00  2.06613395D+03 -8.16268405D+02  9.93186418D+01  1.34918419D+03
  4.60000000D-01  4.30025121D-02  4.71115021D+00  2.03889186D+03 -8.36332158D+02  9.89140776D+01  1.30147378D+03
  4.70000000D-01  4.39373493D-02  4.69961718D+00  2.01159753D+03 -8.55823714D+02  9.85043071D+01  1.25427812D+03
  4.80000000D-01  4.48721865D-02  4.68792549D+00  1.98427158D+03 -8.74721498D+02  9.80895130D+01  1.20763960D+03
  4.90000000D-01  4.58070237D-02  4.67607952D+00  1.95693399D+03 -8.93006100D+02  9.76698770D+01  1.16159776D+03
  5.00000000D-01  4.67418610D-02  4.66408366D+00  1.92960407D+03 -9.10660240D+02  9.72455799D+01  1.11618941D+03
  5.10000000D-01  4.76766982D-02  4.65194227D+00  1.90230048D+03 -9.27668730D+02  9.68168008D+01  1.07144855D+03
  5.20000000D-01  4.86115354D-02  4.63965968D+00  1.87504120D+03 -9.44018425D+02  9.63837178D+01  1.02740649D+03
  5.30000000D-01  4.95463726D-02  4.62724020D+00  1.84784353D+03 -9.59698169D+02  9.59465073D+01  9.84091868D+02
  5.40000000D-01  5.04812098D-02  4.61468812D+00  1.82072409D+03 -9.74698736D+02  9.55053442D+01  9.41530694D+02
  5.50000000D-01  5.14160471D-02  4.60200767D+00  1.79369880D+03 -9.89012770D+02  9.50604013D+01  8.99746427D+02
  5.60000000D-01  5.23508843D-02  4.58920309D+00  1.76678290D+03 -1.00263472D+03  9.46118498D+01  8.58760033D+02
  5.70000000D-01  5.32857215D-02  4.57627854D+00  1.73999096D+03 -1.01556076D+03  9.41598589D+01  8.18590062D+02
  5.80000000D-01  5.42205587D-02  4.56323816D+00  1.71333685D+03 -1.02778873D+03  9.37045955D+01  7.79252717D+02
  5.90000000D-01  5.51553959D-02  4.55008605D+00  1.68683376D+03 -1.03931805D+03  9.32462246D+01  7.40761940D+02
  6.00000000D-01  5.60902332D-02  4.53682626D+00  1.66049423D+03 -1.05014965D+03  9.27849086D+01  7.03129490D+02
  6.10000000D-01  5.70250704D-02  4.52346280D+00  1.63433012D+03 -1.06028590D+03  9.23208078D+01  6.66365034D+02
  6.20000000D-01  5.79599076D-02  4.50999961D+00  1.60835265D+03 -1.06973050D+03  9.18540800D+01  6.30476230D+02
  6.30000000D-01  5.88947448D-02  4.49644062D+00  1.58257239D+03 -1.07848845D+03  9.13848805D+01  5.95468816D+02
  6.40000000D-01  5.98295820D-02  4.48278967D+00  1.55699927D+03 -1.08656593D+03  9.09133622D+01  5.61346704D+02
  6.50000000D-01  6.07644193D-02  4.46905058D+00  1.53164262D+03 -1.09397022D+03  9.04396751D+01  5.28112069D+02
  6.60000000D-01  6.16992565D-02  4.45522708D+00  1.50651114D+03 -1.10070967D+03  8.99639669D+01  4.95765438D+02
  6.70000000D-01  6.26340937D-02  4.44132288D+00  1.48161297D+03 -1.10679357D+03  8.94863823D+01  4.64305783D+02
  6.80000000D-01  6.35689309D-02  4.42734161D+00  1.45695564D+03 -1.11223209D+03  8.90070635D+01  4.33730610D+02
  6.90000000D-01  6.45037681D-02  4.41328686D+00  1.43254614D+03 -1.11703624D+03  8.85261498D+01  4.04036046D+02
  7.00000000D-01  6.54386053D-02  4.39916214D+00  1.40839090D+03 -1.12121775D+03  8.80437778D+01  3.75216932D+02
  7.10000000D-01  6.63734426D-02  4.38497093D+00  1.38449583D+03 -1.12478901D+03  8.75600813D+01  3.47266903D+02
  7.20000000D-01  6.73082798D-02  4.37071662D+00  1.36086632D+03 -1.12776303D+03  8.70751912D+01  3.20178476D+02
  7.30000000D-01  6.82431170D-02  4.35640256D+00  1.33750726D+03 -1.13015336D+03  8.65892356D+01  2.93943134D+02
  7.40000000D-01  6.91779542D-02  4.34203204D+00  1.31442305D+03 -1.13197399D+03  8.61023399D+01  2.68551398D+02
  7.50000000D-01  7.01127914D-02  4.32760827D+00  1.29161766D+03 -1.13323937D+03  8.56146263D+01  2.43992917D+02
  7.60000000D-01  7.10476287D-02  4.31313441D+00  1.26909457D+03 -1.13396426D+03  8.51262145D+01  2.20256531D+02
  7.70000000D-01  7.19824659D-02  4.29861358D+00  1.24685687D+03 -1.13416373D+03  8.46372212D+01  1.97330352D+02
  7.80000000D-01  7.29173031D-02  4.28404880D+00  1.22490719D+03 -1.13385312D+03  8.41477602D+01  1.75201833D+02
  7.90000000D-01  7.38521403D-02  4.26944305D+00  1.20324782D+03 -1.13304793D+03  8.36579427D+01  1.53857830D+02
  8.00000000D-01  7.47869775D-02  4.25479925D+00  1.18188062D+03 -1.13176383D+03  8.31678769D+01  1.33284673D+02
  8.10000000D-01  7.57218148D-02  4.24012025D+00  1.16080712D+03 -1.13001657D+03  8.26776681D+01  1.13468224D+02
  8.20000000D-01  7.66566520D-02  4.22540885D+00  1.14002849D+03 -1.12782197D+03  8.21874191D+01  9.43939362D+01
  8.30000000D-01  7.75914892D-02  4.21066777D+00  1.11954557D+03 -1.12519589D+03  8.16972297D+01  7.60469100D+01
  8.40000000D-01  7.85263264D-02  4.19589968D+00  1.09935889D+03 -1.12215414D+03  8.12071971D+01  5.84119468D+01
  8.50000000D-01  7.94611636D-02  4.18110720D+00  1.07946866D+03 -1.11871248D+03  8.07174157D+01  4.14735987D+01
  8.60000000D-01  8.03960009D-02  4.16629288D+00  1.05987485D+03 -1.11488661D+03  8.02279772D+01  2.52162156D+01
  8.70000000D-01  8.13308381D-02  4.15145920D+00  1.04057712D+03 -1.11069210D+03  7.97389708D+01  9.62399070D+00
  8.80000000D-01  8.22656753D-02  4.13660860D+00  1.02157489D+03 -1.10614437D+03  7.92504829D+01 -5.31899804D+00
  8.90000000D-01  8.32005125D-02  4.12174345D+00  1.00286734D+03 -1.10125869D+03  7.87625974D+01 -1.96287482D+01
  9.00000000D-01  8.41353497D-02  4.10686607D+00  9.84453424D+02 -1.09605012D+03  7.82753956D+01 -3.33212963D+01
  9.10000000D-01  8.50701870D-02  4.09197870D+00  9.66331882D+02 -1.09053352D+03  7.77889564D+01 -4.64126829D+01
  9.20000000D-01  8.60050242D-02  4.07708356D+00  9.48501251D+02 -1.08472353D+03  7.73033559D+01 -5.89189214D+01
  9.30000000D-01  8.69398614D-02  4.06218279D+00  9.30959883D+02 -1.07863452D+03  7.68186681D+01 -7.08559677D+01
  9.40000000D-01  8.78746986D-02  4.04727847D+00  9.13705953D+02 -1.07228061D+03  7.63349644D+01 -8.22396931D+01
  9.50000000D-01  8.88095358D-02  4.03237263D+00  8.96737472D+02 -1.06567565D+03  7.58523139D+01 -9.30858591D+01
  9.60000000D-01  8.97443730D-02  4.01746727D+00  8.80052300D+02 -1.05883318D+03  7.53707834D+01 -1.03410094D+02
  9.70000000D-01  9.06792103D-02  4.00256429D+00  8.63648152D+02 -1.05176646D+03  7.48904373D+01 -1.13227872D+02
  9.80000000D-01  9.16140475D-02  3.98766559D+00  8.47522614D+02 -1.04448845D+03  7.44113378D+01 -1.22554495D+02
  9.90000000D-01  9.25488847D-02  3.97277297D+00  8.31673151D+02 -1.03701177D+03  7.39335450D+01 -1.31405071D+02
  1.00000000D+00  9.34837219D-02  3.95788822D+00  8.16097115D+02 -1.02934873D+03  7.34571166D+01 -1.39794503D+02
  1.11250000D+00  1.04000641D-01  3.79146286D+00  6.58809310D+02 -9.33688619D+02  6.82067200D+01 -2.06672588D+02
  1.22500000D+00  1.14517559D-01  3.62824252D+00  5.31250586D+02 -8.29730853D+02  6.31964398D+01 -2.35283827D+02
  1.33750000D+00  1.25034478D-01  3.46964563D+00  4.28629511D+02 -7.26805171D+02  5.84635848D+01 -2.39712076D+02
  1.45000000D+00  1.35551397D-01  3.31659343D+00  3.46429526D+02 -6.30350660D+02  5.40263715D+01 -2.29894763D+02
  1.56250000D+00  1.46068316D-01  3.16963277D+00  2.80699701D+02 -5.43061292D+02  4.98894762D+01 -2.12472114D+02
  1.67500000D+00  1.56585234D-01  3.02903613D+00  2.28131575D+02 -4.65861695D+02  4.60483571D+01 -1.91681762D+02
  1.78750000D+00  1.67102153D-01  2.89487964D+00  1.86027846D+02 -3.98626905D+02  4.24924852D+01 -1.70106573D+02
  1.90000000D+00  1.77619072D-01  2.76710248D+00  1.52225567D+02 -3.40668440D+02  3.92076862D+01 -1.49235187D+02
  2.01250000D+00  1.88135990D-01  2.64555103D+00  1.25007509D+02 -2.91041652D+02  3.61777933D+01 -1.29856350D+02
  2.11250000D+00  1.97484363D-01  2.54255973D+00  1.05238368D+02 -2.53100357D+02  3.36847970D+01 -1.14177192D+02
  2.21250000D+00  2.06832735D-01  2.44414343D+00  8.88376751D+01 -2.20239591D+02  3.13677314D+01 -1.00034184D+02
  2.31250000D+00  2.16181107D-01  2.35011313D+00  7.51922113D+01 -1.91809577D+02  2.92147984D+01 -8.74025677D+01
  2.42500000D+00  2.26698026D-01  2.24932805D+00  6.25207498D+01 -1.64392226D+02  2.69747889D+01 -7.48966869D+01
  2.55000000D+00  2.38383491D-01  2.14322352D+00  5.11147888D+01 -1.38740361D+02  2.46939606D+01 -6.29316116D+01
  2.67500000D+00  2.50068956D-01  2.04294082D+00  4.19411123D+01 -1.17320852D+02  2.26131356D+01 -5.27666041D+01
  2.80000000D+00  2.61754421D-01  1.94811304D+00  3.45310763D+01 -9.94094002D+01  2.07141420D+01 -4.41641820D+01
  2.92500000D+00  2.73439887D-01  1.85838990D+00  2.85208506D+01 -8.44045725D+01  1.89803411D+01 -3.69033809D+01
  3.05000000D+00  2.85125352D-01  1.77344001D+00  2.36267255D+01 -7.18093455D+01  1.73965702D+01 -3.07860498D+01
  3.17500000D+00  2.96810817D-01  1.69295193D+00  1.96264563D+01 -6.12140412D+01  1.59490577D+01 -2.56385271D+01
  3.30000000D+00  3.08496282D-01  1.61663431D+00  1.63451452D+01 -5.22813326D+01  1.46253235D+01 -2.13108639D+01
  3.42500000D+00  3.20181748D-01  1.54421552D+00  1.36445229D+01 -4.47334570D+01  1.34140746D+01 -1.76748595D+01
  3.55000000D+00  3.31867213D-01  1.47544288D+00  1.14147860D+01 -3.83415147D+01  1.23051011D+01 -1.46216276D+01
  3.70000000D+00  3.45889771D-01  1.39739939D+00  9.23862613D+00 -3.19334386D+01  1.10964099D+01 -1.15984026D+01
  3.85000000D+00  3.59912329D-01  1.32389577D+00  7.49640078D+00 -2.66543304D+01  1.00074887D+01 -9.15044095D+00
  4.00000000D+00  3.73934888D-01  1.25459086D+00  6.09644475D+00 -2.22924701D+01  9.02570113D+00 -7.17032418D+00
  4.10000000D+00  3.83283260D-01  1.21056522D+00  5.31751523D+00 -1.98089856D+01  8.42511134D+00 -6.06635907D+00
  4.20000000D+00  3.92631632D-01  1.16818112D+00  4.64179403D+00 -1.76154663D+01  7.86413557D+00 -5.10953665D+00
  4.30000000D+00  4.01980004D-01  1.12735804D+00  4.05483757D+00 -1.56758327D+01  7.34000510D+00 -4.28099001D+00
  4.40000000D+00  4.11328376D-01  1.08802015D+00  3.54435823D+00 -1.39588100D+01  6.85016208D+00 -3.56428967D+00
  4.50000000D+00  4.20676749D-01  1.05009601D+00  3.09988035D+00 -1.24372461D+01  6.39224235D+00 -2.94512341D+00
  4.60000000D+00  4.30025121D-01  1.01351829D+00  2.71245465D+00 -1.10875323D+01  5.96405961D+00 -2.41101802D+00
  4.70000000D+00  4.39373493D-01  9.78223524D-01  2.37442082D+00 -9.88910969D+00  5.56359107D+00 -1.95109780D+00
  4.80000000D+00  4.48721865D-01  9.44151855D-01  2.07920933D+00 -8.82404863D+00  5.18896414D+00 -1.55587517D+00
  4.90000000D+00  4.58070237D-01  9.11246794D-01  1.82117586D+00 -7.87668944D+00  4.83844439D+00 -1.21706918D+00
  5.00000000D+00  4.67418610D-01  8.79455013D-01  1.59546246D+00 -7.03333532D+00  4.51042446D+00 -9.27448405D-01
  5.10000000D+00  4.76766982D-01  8.48726146D-01  1.39788093D+00 -6.28198950D+00  4.20341389D+00 -6.80694673D-01
  5.20000000D+00  4.86115354D-01  8.19012593D-01  1.22481464D+00 -5.61212966D+00  3.91602992D+00 -4.71285103D-01
  5.30000000D+00  4.95463726D-01  7.90269353D-01  1.07313564D+00 -5.01451437D+00  3.64698894D+00 -2.94389796D-01
  5.40000000D+00  5.04812098D-01  7.62453853D-01  9.40134612D-01 -4.48101649D+00  3.39509876D+00 -1.45783118D-01
  5.50000000D+00  5.14160471D-01  7.35525803D-01  8.23461482D-01 -4.00447968D+00  3.15925148D+00 -2.17667179D-02
  5.60000000D+00  5.23508843D-01  7.09447049D-01  7.21074979D-01 -3.57859464D+00  2.93841699D+00  8.08973242D-02
  5.70000000D+00  5.32857215D-01  6.84181440D-01  6.31199738D-01 -3.19779210D+00  2.73163695D+00  1.65044587D-01
  5.80000000D+00  5.42205587D-01  6.59694712D-01  5.52289725D-01 -2.85715029D+00  2.53801938D+00  2.33158823D-01
  5.90000000D+00  5.51553959D-01  6.35954366D-01  4.82996997D-01 -2.55231466D+00  2.35673358D+00  2.87415920D-01
  6.00000000D+00  5.60902332D-01  6.12929563D-01  4.22144979D-01 -2.27942831D+00  2.18700553D+00  3.29722199D-01
  6.10000000D+00  5.70250704D-01  5.90591027D-01  3.68705558D-01 -2.03507145D+00  2.02811368D+00  3.61747786D-01
  6.20000000D+00  5.79599076D-01  5.68910949D-01  3.21779419D-01 -1.81620870D+00  1.87938503D+00  3.84955743D-01
  6.30000000D+00  5.88947448D-01  5.47862904D-01  2.80579138D-01 -1.62014320D+00  1.74019154D+00  4.00627484D-01
  6.40000000D+00  5.98295820D-01  5.27421764D-01  2.44414615D-01 -1.44447650D+00  1.60994689D+00  4.09885005D-01
  6.50000000D+00  6.07644193D-01  5.07563628D-01  2.12680515D-01 -1.28707359D+00  1.48810338D+00  4.13710310D-01
  6.60000000D+00  6.16992565D-01  4.88265752D-01  1.84845413D-01 -1.14603221D+00  1.37414921D+00  4.12962418D-01
  6.70000000D+00  6.26340937D-01  4.69506476D-01  1.60442411D-01 -1.01965599D+00  1.26760585D+00  4.08392264D-01
  6.80000000D+00  6.35689309D-01  4.51265172D-01  1.39060999D-01 -9.06430925D-01  1.16802568D+00  4.00655755D-01
  6.90000000D+00  6.45037681D-01  4.33522178D-01  1.20340002D-01 -8.05004620D-01  1.07498984D+00  3.90325221D-01
  7.00000000D+00  6.54386053D-01  4.16258750D-01  1.03961453D-01 -7.14168133D-01  9.88106157D-01  3.77899477D-01
  7.10000000D+00  6.63734426D-01  3.99457009D-01  8.96452608D-02 -6.32839926D-01  9.07007313D-01  3.63812648D-01
  7.20000000D+00  6.73082798D-01  3.83099892D-01  7.71445694D-02 -5.60051742D-01  8.31349106D-01  3.48441933D-01
  7.30000000D+00  6.82431170D-01  3.67171112D-01  6.62417121D-02 -4.94936131D-01  7.60808855D-01  3.32114436D-01
  7.40000000D+00  6.91779542D-01  3.51655114D-01  5.67446794D-02 -4.36715440D-01  6.95083925D-01  3.15113165D-01
  7.50000000D+00  7.01127914D-01  3.36537034D-01  4.84840331D-02 -3.84692063D-01  6.33890359D-01  2.97682329D-01
  7.60000000D+00  7.10476287D-01  3.21802667D-01  4.13102071D-02 -3.38239825D-01  5.76961611D-01  2.80031993D-01
  7.70000000D+00  7.19824659D-01  3.07438429D-01  3.50911441D-02 -2.96796331D-01  5.24047368D-01  2.62342181D-01
  7.80000000D+00  7.29173031D-01  2.93431326D-01  2.97102237D-02 -2.59856186D-01  4.74912460D-01  2.44766498D-01
  7.90000000D+00  7.38521403D-01  2.79768926D-01  2.50644456D-02 -2.26964975D-01  4.29335851D-01  2.27435322D-01
  8.00000000D+00  7.47869775D-01  2.66439324D-01  2.10628330D-02 -1.97713913D-01  3.87109693D-01  2.10458613D-01
  8.10000000D+00  7.57218148D-01  2.53431124D-01  1.76250304D-02 -1.71735078D-01  3.48038453D-01  1.93928406D-01
  8.20000000D+00  7.66566520D-01  2.40733406D-01  1.46800700D-02 -1.48697176D-01  3.11938098D-01  1.77920992D-01
  8.30000000D+00  7.75914892D-01  2.28335705D-01  1.21652848D-02 -1.28301762D-01  2.78635336D-01  1.62498859D-01
  8.40000000D+00  7.85263264D-01  2.16227992D-01  1.00253523D-02 -1.10279866D-01  2.47966908D-01  1.47712394D-01
  8.50000000D+00  7.94611636D-01  2.04400647D-01  8.21145001D-03 -9.43889876D-02  2.19778926D-01  1.33601389D-01
  8.60000000D+00  8.03960009D-01  1.92844444D-01  6.68051168D-03 -8.04104026D-02  1.93926259D-01  1.20196368D-01
  8.70000000D+00  8.13308381D-01  1.81550527D-01  5.39456935D-03 -6.81467615D-02  1.70271946D-01  1.07519754D-01
  8.80000000D+00  8.22656753D-01  1.70510400D-01  4.32017288D-03 -5.74199347D-02  1.48686663D-01  9.55869010D-02
  8.90000000D+00  8.32005125D-01  1.59715900D-01  3.42787651D-03 -4.80690838D-02  1.29048203D-01  8.44069955D-02
  9.00000000D+00  8.41353497D-01  1.49159193D-01  2.69178482D-03 -3.99489321D-02  1.11240999D-01  7.39838520D-02
  9.10000000D+00  8.50701870D-01  1.38832747D-01  2.08915092D-03 -3.29282116D-02  9.51556674D-02  6.43166067D-02
  9.20000000D+00  8.60050242D-01  1.28729327D-01  1.60002076D-03 -2.68882675D-02  8.06885696D-02  5.54003229D-02
  9.30000000D+00  8.69398614D-01  1.18841979D-01  1.20691816D-03 -2.17218032D-02  6.77414000D-02  4.72265149D-02
  9.40000000D+00  8.78746986D-01  1.09164014D-01  8.94565755D-04 -1.73317489D-02  5.62207813D-02  3.97835981D-02
  9.50000000D+00  8.88095358D-01  9.96889999D-02  6.49637842D-04 -1.36302403D-02  4.60378730D-02  3.30572705D-02
  9.60000000D+00  8.97443730D-01  9.04107499D-02  4.60541372D-04 -1.05376954D-02  3.71079816D-02  2.70308275D-02
  9.70000000D+00  9.06792103D-01  8.13233097D-02  3.17222003D-04 -7.98197567D-03  2.93501671D-02  2.16854134D-02
  9.80000000D+00  9.16140475D-01  7.24209489D-02  2.10992402D-04 -5.89762175D-03  2.26868342D-02  1.70002048D-02
  9.90000000D+00  9.25488847D-01  6.36981511D-02  1.34380417D-04 -4.22515206D-03  1.70432936D-02  1.29525219D-02
  1.00000000D+01  9.34837219D-01  5.51496042D-02  8.09950549D-05 -2.91041203D-03  1.23472685D-02  9.51785151D-03
  1.01078125D+01  9.44915933D-01  4.61225291D-02  4.32392882D-05 -1.83696724D-03  8.26486292D-03  6.47113496D-03
  1.02156250D+01  9.54994647D-01  3.72858856D-02  2.04988919D-05 -1.06530097D-03  5.11500890D-03  4.07020682D-03
  1.03234375D+01  9.65073361D-01  2.86337499D-02  8.12006750D-06 -5.43463561D-04  2.81068820D-03  2.27534471D-03
  1.04312500D+01  9.75152074D-01  2.01604303D-02  2.37363834D-06 -2.23181385D-04  1.26229312D-03  1.04148537D-03
  1.05390625D+01  9.85230788D-01  1.18604575D-02  3.70013409D-07 -5.85011423D-05  3.72807834D-04  3.14676705D-04
  1.06468750D+01  9.95309502D-01  3.72857531D-03  6.43393928D-09 -3.20138313D-06  2.52629968D-05  2.20680476D-05
  1.06540625D+01  9.95981416D-01  3.19230150D-03  3.73584301D-09 -2.16960386D-06  1.75562796D-05  1.53904116D-05
  1.06612500D+01  9.96653330D-01  2.65675077D-03  1.96426966D-09 -1.36974069D-06  1.14079713D-05  1.00401948D-05
  1.06684375D+01  9.97325245D-01  2.12192166D-03  8.94281679D-10 -7.80235324D-07  6.72357761D-06  5.94423657D-06
  1.06756250D+01  9.97997159D-01  1.58781272D-03  3.24091413D-10 -3.77608398D-07  3.39423986D-06  3.01695556D-06
  1.06828125D+01  9.98669073D-01  1.05442248D-03  7.73338912D-11 -1.35588107D-07  1.28963226D-06  1.15412149D-06
  1.06900000D+01  9.99340987D-01  5.21749493D-04  6.58998282D-12 -2.33336052D-08  2.42816508D-07  2.19489493D-07
  1.06907187D+01  9.99408179D-01  4.68521588D-04  4.52184471D-12 -1.78285067D-08  1.87964319D-07  1.70140334D-07
  1.06914375D+01  9.99475370D-01  4.15300840D-04  2.96501378D-12 -1.31874909D-08  1.41052403D-07  1.27867877D-07
  1.06921563D+01  9.99542562D-01  3.62087247D-04  1.83483936D-12 -9.35949514D-09  1.01736350D-07  9.23786895D-08
  1.06928750D+01  9.99609753D-01  3.08880808D-04  1.05199784D-12 -6.29014804D-09  6.96405274D-08  6.33514314D-08
  1.06935938D+01  9.99676944D-01  2.55681521D-04  5.42861663D-13 -3.92099344D-09  4.43500677D-08  4.04296171D-08
  1.06943125D+01  9.99744136D-01  2.02489385D-04  2.39962988D-13 -2.18835425D-09  2.53989107D-08  2.32107965D-08
  1.06950313D+01  9.99811327D-01  1.49304399D-04  8.26010031D-14 -1.02154545D-09  1.22505834D-08  1.12291205D-08
  1.06957500D+01  9.99878519D-01  9.61265602D-05  1.76879697D-14 -3.39741740D-10  4.26357482D-09  3.92385077D-09
  1.06964688D+01  9.99945710D-01  4.29558684D-05  1.05511479D-15 -4.53482862D-11  6.15299410D-10  5.69952179D-10
  1.06965406D+01  9.99952429D-01  3.76391922D-05  6.64448715D-16 -3.25913072D-11  4.47654162D-10  4.15063519D-10
  1.06966125D+01  9.99959148D-01  3.23225875D-05  3.89934213D-16 -2.22721819D-11  3.10205541D-10  2.87933749D-10
  1.06966844D+01  9.99965868D-01  2.70060542D-05  2.07889896D-16 -1.42117227D-11  2.01169114D-10  1.86957599D-10
  1.06967563D+01  9.99972587D-01  2.16895924D-05  9.65158774D-17 -8.21521221D-12  1.18564618D-10  1.10349502D-10
  1.06968281D+01  9.99979306D-01  1.63732020D-05  3.60733150D-17 -4.06743651D-12  6.01484776D-11  5.60810772D-11
  1.06969000D+01  9.99986025D-01  1.10568831D-05  9.12919280D-18 -1.52428068D-12  2.32972660D-11  2.17729944D-11
  1.06969719D+01  9.99992744D-01  5.74063558D-06  9.20613375D-19 -2.96059855D-13  4.77031639D-12  4.47425745D-12
  1.06970438D+01  9.99999463D-01  4.24459520D-07  1.01191450D-22 -4.40115532D-16  8.54029204D-15  8.10017661D-15
  1.06970445D+01  9.99999531D-01  3.71298120D-07  6.33499777D-23 -3.14979899D-16  6.16534944D-15  5.85036960D-15
  1.06970452D+01  9.99999598D-01  3.18136728D-07  3.68863063D-23 -2.14047644D-16  4.23152788D-15  4.01748028D-15
  1.06970459D+01  9.99999665D-01  2.64975342D-07  1.94507317D-23 -1.35515679D-16  2.71033997D-15  2.57482431D-15
  1.06970466D+01  9.99999732D-01  2.11813964D-07  8.88296355D-24 -7.74216325D-17  1.57036021D-15  1.49293858D-15
  1.06970473D+01  9.99999799D-01  1.58652593D-07  3.23059061D-24 -3.75918547D-17  7.76214839D-16  7.38622988D-16
  1.06970481D+01  9.99999866D-01  1.05491229D-07  7.74415505D-25 -1.35524140D-17  2.86827032D-16  2.73274619D-16
  1.06970488D+01  9.99999934D-01  5.23298717D-08  6.65795188D-26 -2.34882101D-18  5.17923457D-17  4.94435248D-17
  1.06970489D+01  9.99999940D-01  4.70137364D-08  4.57618419D-26 -1.79695692D-18  3.98668531D-17  3.80698963D-17
  1.06970489D+01  9.99999947D-01  4.16976012D-08  3.00680704D-26 -1.33123099D-18  2.97362715D-17  2.84050405D-17
  1.06970490D+01  9.99999954D-01  3.63814660D-08  1.86550961D-26 -9.46621199D-19  2.13082562D-17  2.03616350D-17
  1.06970491D+01  9.99999961D-01  3.10653310D-08  1.07320515D-26 -6.37772362D-19  1.44834656D-17  1.38456932D-17
  1.06970491D+01  9.99999967D-01  2.57491959D-08  5.56403245D-27 -3.98919173D-19  9.15387167D-18  8.75495250D-18
  1.06970492D+01  9.99999974D-01  2.04330610D-08  2.47675938D-27 -2.23773835D-19  5.20027174D-18  4.97649791D-18
  1.06970493D+01  9.99999981D-01  1.51169261D-08  8.62658736D-28 -1.05349978D-19  2.48834856D-18  2.38299858D-18
  1.06970494D+01  9.99999987D-01  9.80079132D-09  1.89291365D-28 -3.56556678D-20  8.61710144D-19  8.26054476D-19
  1.06970494D+01  9.99999994D-01  4.48465660D-09  1.22678643D-29 -5.05008513D-21  1.27038328D-19  1.21988242D-19
  1.06970494D+01  9.99999995D-01  3.68723639D-09  6.18258715D-30 -3.09548118D-21  7.86349318D-20  7.55394506D-20
  1.06970494D+01  9.99999996D-01  2.88981619D-09  2.63489045D-30 -1.68326023D-21  4.32785268D-20  4.15952666D-20
  1.06970495D+01  9.99999997D-01  2.35820272D-09  1.29345344D-30 -1.01257815D-21  2.62947096D-20  2.52821314D-20
  1.06970495D+01  9.99999998D-01  1.82658925D-09  5.29005170D-31 -5.34660325D-22  1.40567243D-20  1.35220640D-20
  1.06970495D+01  9.99999998D-01  1.29497579D-09  1.58720338D-31 -2.26271488D-22  6.04725923D-21  5.82098774D-21
  1.06970495D+01  9.99999999D-01  7.63362319D-10  2.49617154D-32 -6.03674053D-23  1.65368548D-21  1.59331807D-21
  1.06970495D+01  1.00000000D+00  2.31748854D-10  3.84838339D-34 -3.06562974D-24  8.85978034D-23  8.55321737D-23
  1.06970495D+01  1.00000000D+00 -2.99864611D-10  0.00000000D+00  0.00000000D+00  0.00000000D+00  0.00000000D+00
